0.067193
0.027995
0.033924
0.026405
0.028641
0.030292
0.028995
0.025186
0.025387
0.026637
0.043420
0.029686
0.029492
0.031899
0.041336
0.036920
0.030017
0.042170
0.031455
0.028444
0.036696
0.036211
0.029546
0.028574
0.037991
0.028305
0.031171
0.026102
0.027434
0.029012
0.029784
0.045708
0.035596
0.036660
0.034824
0.031288
0.026408
0.032798
0.051835
0.038222
0.022123
0.026966
0.028963
0.026620
0.026346
0.025747
0.035559
0.029924
0.021598
0.024293
0.027924
0.026791
0.028940
0.026038
0.039913
0.033617
0.033120
0.026676
0.031428
0.030990
0.288223
0.322077
0.296038
0.276751
0.277712
0.385770
0.365262
0.352318
0.287235
0.282141
0.378173
0.384762
0.404290
0.396219
0.355578
0.422606
0.383924
0.392546
0.384058
0.386743
0.283950
0.278560
0.267723
0.253979
0.277343
0.429156
0.328855
0.320862
0.302927
0.285378
0.382840
0.378986
0.333882
0.377759
0.389564
0.417026
0.420567
0.423762
0.425775
0.385938
0.254803
0.220129
0.235129
0.227258
0.193716
0.237967
0.223854
0.217005
0.265517
0.240461
0.283998
0.298567
0.241925
0.281539
0.212973
0.305726
0.235132
0.261790
0.240623
0.319284
1.149326
1.034456
1.050156
1.075631
1.074567
1.161241
1.195136
1.152064
1.084758
1.198983
1.470457
1.864174
1.502683
1.860206
1.532845
1.559054
1.543285
1.509891
1.416071
1.501780
1.133759
1.002017
1.177286
0.922882
0.963537
0.989350
0.989086
1.094983
0.932016
1.113801
1.599686
1.518182
1.231470
1.168471
1.242830
1.219513
1.436457
1.293157
1.176761
1.397783
0.690604
0.775528
0.681912
0.633510
0.665310
0.645548
0.581481
0.699075
0.691856
0.643837
0.711061
0.824860
0.716610
0.932490
0.795551
0.786677
0.784963
0.803325
0.722588
0.863530
2.763128
2.671333
2.808910
2.896104
2.938659
3.222829
2.983629
2.935918
2.930649
2.607946
3.718740
3.473436
4.177099
4.406451
3.960114
3.515827
3.429563
3.877739
3.898136
4.528014
2.480457
2.333402
2.372884
2.302965
2.252720
2.294969
2.342688
2.141660
2.294177
2.339022
2.409274
2.885760
2.787540
2.412884
2.768211
2.868832
2.979673
2.705349
2.810463
2.788676
1.505632
1.346220
1.676748
1.426215
1.602098
1.436217
1.366266
1.554748
1.514488
1.594784
1.793644
1.914299
1.801240
1.799370
1.617899
1.367547
1.718284
1.825503
1.831022
1.725524
5.164602
5.319819
6.187193
5.325730
5.424977
5.480351
5.615289
4.946689
5.184332
4.909967
6.480883
6.675099
6.190539
6.547684
6.842256
6.479819
6.476871
6.722242
6.704459
6.073186
4.481378
4.104931
3.864244
4.594556
3.860462
3.920692
4.015321
3.794098
4.548563
3.764240
4.459444
4.497223
4.577864
4.919368
4.967214
4.842931
4.400725
5.492802
4.490073
5.394575
3.016532
3.093662
2.849911
2.599538
2.716390
2.657964
2.605364
2.477244
2.318294
2.543828
2.452465
2.400452
2.568760
2.525720
2.374343
2.522481
2.491348
2.583566
2.611976
2.514230
