646.667
661.333
743.833
837.667
852.667
762
984.5
726
908.167
861.167
630.167
548.417
721.667
956.083
606.75
496.833
629
580.583
588.75
858.833
454.667
681
712.333
632.667
621.167
543.833
760.833
648
663.833
659.833
382.333
659.083
452.333
554.333
569.25
776.417
482.667
610.667
649.667
428.75
650.667
549.833
545.833
537.5
400.667
599
601.333
633.167
812.833
480.5
512.917
696.917
569.25
642.583
488.833
558.917
502.167
714.417
432.333
481.917
1071
1398.33
1002
1126.17
1005.83
939
1067
1234
1233.33
1001.83
929.917
824.667
789
1032.08
732.75
856.917
760.25
863.5
946.583
861.333
879.833
1178.67
1028
1120.5
968.5
958.333
1015.5
919.333
938.5
1022.5
709.25
775.167
748.583
875
627.5
741
777.167
898.583
941.417
983.083
927.167
1117
862.667
905
1047.83
1108.17
941.833
998.333
962
1019.5
799.25
723.667
815.083
879.333
955
738.083
716.667
794.583
654.5
718.667
1329.17
1422.17
1362.33
1401.33
1272.17
1434.5
1441
1349.83
1282.33
1553.17
1049.33
1084.17
1014.5
1251.5
1043.25
1266.92
996.167
1068.17
977.417
1068.5
1167.83
1211.33
1607.5
1232.83
1362.17
1293.33
1378.17
1335.33
1287
1243.83
1018.5
943.667
993.583
1023.58
1022.5
1199.33
1112.17
1081.75
990.667
955.583
1172.33
1270
1269.67
1166.33
1245
1110.33
1228.33
1226.33
1346
1437.5
913.5
964.5
1029.33
1033.08
933.417
982.667
1063.25
1105.67
939.417
1039.08
1573.17
1689.83
1672.17
1705.17
1591.17
1571
1560.33
1723.67
1730
1700.33
1258
1226.92
1113
1222.17
1299.17
1263.08
1279.67
1316.75
1163.42
1216.58
1635.33
1503.5
1637.5
1641.33
1567.67
1549.5
1499.33
1564.83
1677.17
1446
1286.75
1249.5
1149.5
1211.5
1211
1262.08
1325.58
1230.08
1218.25
1315.92
1432.67
1473
1557.83
1513.83
1525.5
1470.67
1481.5
1502.17
1585.5
1483.33
1289.33
1122.83
1212.33
1117
1294.5
1135.25
1226.33
1198.92
1177.92
1230
1837.33
1951.17
1958.33
1797.83
1834
2065.83
1919.67
1692.17
1763.5
1817.5
1412.08
1437.5
1454.33
1420.75
1438.25
1559.5
1512.67
1430.17
1491.83
1292.92
1671.5
1892.5
1832.17
1816.67
1806.67
1851.33
1688.5
1880.33
1870.67
1746.67
1531.92
1469.08
1403
1391
1476.17
1420
1319.42
1404.08
1396.5
1385.33
1683.17
1723.67
1728.67
1765.83
1766.33
1914.33
1795.83
1578.17
1724.33
1794
1389.83
1388.42
1360.67
1388.17
1333.5
1420.33
1384.25
1388
1490.83
1396.25
