0.657688
0.785136
0.666086
0.725448
0.874448
0.735730
0.749197
0.609037
0.551480
0.620220
0.655919
0.684881
0.560886
0.707104
0.741243
0.661172
0.633976
0.683090
0.757392
0.613893
0.606016
0.540958
0.650700
0.604897
0.597300
0.630579
0.607165
0.617806
0.639448
0.856570
0.961883
0.663740
0.664147
0.690448
0.656614
1.003193
0.608307
0.679667
0.702798
0.689697
0.542831
0.616396
0.565671
0.632467
0.562418
0.595304
0.568212
0.558224
0.519163
0.992512
0.631254
0.552482
0.647012
0.639478
0.731607
0.668105
0.789842
0.591678
0.592868
0.593672
2.535597
3.143622
2.675989
2.862525
2.237886
2.074062
2.631350
5.411212
4.090171
3.345254
2.537891
3.343507
3.128409
3.035770
3.508592
3.197993
3.711285
2.774880
2.808289
4.410835
3.035249
2.605594
3.052428
2.196347
1.907256
2.000376
2.035456
3.068378
2.210886
2.797478
2.353350
2.665789
2.685531
3.262444
3.166291
3.047039
3.099531
2.584913
2.722818
3.189969
2.060527
1.716147
2.459680
2.053829
2.069611
2.011251
2.761892
2.249838
2.013595
2.927299
2.665167
2.812553
2.878113
3.911922
4.266549
2.508243
3.237479
2.032186
2.596896
3.265694
8.567040
5.301239
5.695342
5.270047
6.628591
4.954150
9.523654
5.912765
5.328618
5.190226
7.683553
6.954259
7.735142
8.120909
6.904721
6.337942
9.437859
5.356187
8.023392
6.449352
5.262161
5.719809
4.760141
4.568940
5.409045
6.734579
5.200052
5.258594
6.979510
7.074262
5.799388
7.077714
6.087461
8.636890
7.732106
6.396127
5.674637
5.312119
5.932835
5.703296
5.466674
4.538266
5.254019
7.614835
4.848956
4.845617
5.180010
4.704210
3.908920
5.184900
6.401578
7.321318
5.717346
5.680939
6.405203
6.597127
5.337947
4.848267
4.889110
4.872488
18.316690
13.387172
12.832434
15.121485
14.066502
11.989914
9.320131
10.796549
9.834879
11.517953
11.803648
14.120658
13.753308
15.776823
10.235119
10.167107
12.669268
10.720171
11.131523
12.870105
8.574464
8.659131
8.635127
10.177928
10.401527
9.656054
9.307235
9.392076
10.766189
9.211250
13.055594
10.910564
9.497434
9.612281
15.506431
10.900875
10.624137
11.372254
11.991620
11.241222
8.514518
7.040290
12.095280
8.595093
8.428603
7.158387
9.208455
7.882218
8.167448
7.842877
9.421121
9.567470
11.171166
7.981938
8.975555
7.940267
9.067449
8.360809
10.112875
8.042021
15.426530
17.045095
25.758564
13.741177
18.962223
16.823788
15.075091
17.995228
18.272720
17.873217
17.619509
19.935459
16.864122
26.466637
22.114599
19.923460
19.784172
18.952848
20.120096
26.659758
17.400110
16.373714
15.539810
13.922630
12.063181
18.625929
15.968158
20.231688
15.782673
12.907513
15.650912
12.566865
22.926613
12.862344
21.554453
28.921137
17.316223
16.166649
15.407761
16.852060
10.175913
11.464607
14.638701
13.588742
15.570188
11.993596
12.585931
10.524114
13.594163
12.659145
12.690068
18.811581
11.366028
18.676544
13.345637
14.324732
15.485756
17.167669
11.185159
13.221681
