30 30 4 43

0.3 0 5
0.3 0 10
0.3 0 19
0.3 1 7
0.3 1 9
0.3 1 19
0.3 1 22
0.3 3 11
0.3 3 23
0.3 3 24
0.3 5 6
0.3 5 21
0.3 5 22
0.3 6 11
0.3 6 27
0.3 6 28
0.3 7 21
0.3 7 26
0.3 8 12
0.3 8 20
0.3 9 12
0.3 9 17
0.3 9 21
0.3 10 12
0.3 10 16
0.3 11 18
0.3 12 14
0.3 12 19
0.3 13 15
0.3 13 26
0.3 14 15
0.3 14 27
0.3 15 22
0.3 15 26
0.3 17 22
0.3 18 22
0.3 19 26
0.3 21 23
0.3 21 25
0.3 21 27
0.3 25 26
0.3 25 27
0.3 28 29

0 149 194 405 333 304 67 379 121 292 475 479 220 102 216 457 124 441 144 227 434 106 98 420 60 307 464 73 362 115 
149 0 489 302 170 488 330 355 303 371 433 142 459 285 179 463 197 262 81 278 369 205 366 62 247 427 500 440 411 301 
194 489 0 325 386 285 173 491 66 125 294 310 499 87 266 242 327 379 421 64 100 80 285 476 192 431 221 446 175 451 
405 302 325 0 311 172 458 53 427 177 147 477 52 224 432 398 461 94 108 325 410 321 349 138 50 264 83 163 464 427 
333 170 386 311 0 360 172 410 447 181 390 213 136 235 346 271 169 240 93 465 69 336 131 462 498 297 203 104 190 211 
304 488 285 172 360 0 146 163 261 136 172 112 387 62 150 233 465 112 153 197 188 318 166 288 375 211 484 410 321 126 
67 330 173 458 172 146 0 499 332 165 451 249 345 164 358 435 62 236 137 238 185 323 320 371 251 299 96 162 409 146 
379 355 491 53 410 163 499 0 456 416 476 347 458 382 61 202 476 392 324 171 357 144 495 333 102 63 130 275 303 352 
121 303 66 427 447 261 332 456 0 465 233 265 302 247 355 175 323 237 190 438 216 371 236 223 294 164 171 199 375 153 
292 371 125 177 181 136 165 416 465 0 197 217 309 256 360 448 73 183 477 136 173 369 169 419 264 441 310 72 74 262 
475 433 294 147 390 172 451 476 233 197 0 178 432 398 147 316 87 414 200 438 72 54 307 406 284 270 133 259 172 154 
479 142 310 477 213 112 249 347 265 217 178 0 442 224 448 263 182 450 381 58 495 305 147 215 138 161 332 245 357 235 
220 459 499 52 136 387 345 458 302 309 432 442 0 420 204 401 170 83 69 181 350 444 199 474 225 71 108 359 223 493 
102 285 87 224 235 62 164 382 247 256 398 224 420 0 104 71 485 191 131 81 301 312 335 487 72 472 354 136 194 276 
216 179 266 432 346 150 358 61 355 360 147 448 204 104 0 161 93 317 78 296 59 421 190 331 459 420 446 54 322 91 
457 463 242 398 271 233 435 202 175 448 316 263 401 71 161 0 431 365 488 101 175 463 223 500 265 71 255 198 418 216 
124 197 327 461 169 465 62 476 323 73 87 182 170 485 93 431 0 95 460 347 472 450 157 237 452 235 123 418 259 176 
441 262 379 94 240 112 236 392 237 183 414 450 83 191 317 365 95 0 122 95 413 106 284 273 133 203 313 319 408 363 
144 81 421 108 93 153 137 324 190 477 200 381 69 131 78 488 460 122 0 204 119 75 94 168 377 160 277 51 178 340 
227 278 64 325 465 197 238 171 438 136 438 58 181 81 296 101 347 95 204 0 142 372 476 251 166 166 94 119 407 385 
434 369 100 410 69 188 185 357 216 173 72 495 350 301 59 175 472 413 119 142 0 436 495 371 106 432 232 73 325 477 
106 205 80 321 336 318 323 144 371 369 54 305 444 312 421 463 450 106 75 372 436 0 105 73 119 325 298 125 447 469 
98 366 285 349 131 166 320 495 236 169 307 147 199 335 190 223 157 284 94 476 495 105 0 85 448 137 486 382 409 292 
420 62 476 138 462 288 371 333 223 419 406 215 474 487 331 500 237 273 168 251 371 73 85 0 313 384 141 56 394 301 
60 247 192 50 498 375 251 102 294 264 284 138 225 72 459 265 452 133 377 166 106 119 448 313 0 409 164 376 227 415 
307 427 431 264 297 211 299 63 164 441 270 161 71 472 420 71 235 203 160 166 432 325 137 384 409 0 152 113 240 407 
464 500 221 83 203 484 96 130 171 310 133 332 108 354 446 255 123 313 277 94 232 298 486 141 164 152 0 61 482 401 
73 440 446 163 104 410 162 275 199 72 259 245 359 136 54 198 418 319 51 119 73 125 382 56 376 113 61 0 233 348 
362 411 175 464 190 321 409 303 375 74 172 357 223 194 322 418 259 408 178 407 325 447 409 394 227 240 482 233 0 353 
115 301 451 427 211 126 146 352 153 262 154 235 493 276 91 216 176 363 340 385 477 469 292 301 415 407 401 348 353 0 

621.39 0 19
621.39 1 0
621.39 2 12
621.39 3 19
621.39 4 6
621.39 5 3
621.39 6 26
621.39 7 19
621.39 8 27
621.39 9 6
621.39 10 11
621.39 11 5
621.39 12 26
621.39 13 18
621.39 14 16
621.39 15 10
621.39 16 19
621.39 17 18
621.39 18 10
621.39 19 25
621.39 20 11
621.39 21 5
621.39 22 6
621.39 23 4
621.39 24 11
621.39 25 22
621.39 26 23
621.39 27 3
621.39 28 8
621.39 29 16
