30 30 4 108

0.2 0 2
0.2 0 17
0.2 0 18
0.2 0 24
0.2 0 25
0.2 0 27
0.2 1 2
0.2 1 3
0.2 1 4
0.2 1 7
0.2 1 14
0.2 1 21
0.2 1 22
0.2 1 26
0.2 2 4
0.2 2 7
0.2 2 12
0.2 2 22
0.2 2 25
0.2 2 28
0.2 3 8
0.2 3 11
0.2 3 24
0.2 3 27
0.2 4 11
0.2 4 15
0.2 4 18
0.2 4 25
0.2 5 8
0.2 5 18
0.2 6 7
0.2 6 9
0.2 6 15
0.2 6 16
0.2 6 17
0.2 6 23
0.2 6 29
0.2 7 10
0.2 7 21
0.2 7 23
0.2 8 18
0.2 8 21
0.2 8 23
0.2 8 27
0.2 9 11
0.2 9 13
0.2 9 14
0.2 9 22
0.2 9 23
0.2 9 26
0.2 10 11
0.2 10 21
0.2 10 22
0.2 10 23
0.2 10 24
0.2 10 26
0.2 10 27
0.2 11 14
0.2 11 16
0.2 11 21
0.2 11 22
0.2 11 23
0.2 11 25
0.2 11 29
0.2 12 13
0.2 12 16
0.2 12 20
0.2 12 23
0.2 12 28
0.2 13 16
0.2 13 18
0.2 14 18
0.2 14 24
0.2 14 26
0.2 15 23
0.2 15 25
0.2 16 19
0.2 16 25
0.2 16 27
0.2 16 28
0.2 17 21
0.2 17 24
0.2 18 19
0.2 18 20
0.2 18 28
0.2 18 29
0.2 19 21
0.2 19 23
0.2 19 28
0.2 20 21
0.2 20 24
0.2 20 26
0.2 20 28
0.2 21 24
0.2 21 26
0.2 21 29
0.2 22 27
0.2 22 28
0.2 22 29
0.2 24 26
0.2 24 27
0.2 24 29
0.2 25 26
0.2 25 28
0.2 25 29
0.2 26 29
0.2 27 29
0.2 28 29

0 357 168 263 196 356 153 174 260 193 141 382 324 388 118 475 482 327 139 104 254 107 421 313 434 89 438 298 172 470 
357 0 433 275 399 263 174 435 316 439 427 170 287 440 175 431 204 496 376 287 236 173 187 68 351 279 466 137 361 467 
168 433 0 239 268 207 61 102 315 314 196 452 139 305 244 443 374 266 359 186 418 481 390 326 292 91 239 262 197 428 
263 275 239 0 473 441 461 408 323 167 152 169 344 310 477 186 363 219 403 371 265 284 427 386 166 235 143 87 474 349 
196 399 268 473 0 299 69 314 435 411 143 136 404 187 269 74 398 69 214 122 168 198 155 118 453 268 259 102 158 327 
356 263 207 441 299 0 182 202 455 376 216 268 256 278 151 382 107 354 113 427 242 160 153 203 149 395 278 199 491 331 
153 174 61 461 69 182 0 81 292 136 492 434 426 373 56 441 132 159 222 308 98 91 298 295 82 390 182 52 235 78 
174 435 102 408 314 202 81 0 416 117 474 409 490 437 56 91 255 317 265 119 129 81 255 180 413 409 488 291 402 191 
260 316 315 323 435 455 292 416 0 316 357 409 323 366 240 275 320 129 472 458 99 191 418 163 412 453 75 500 92 322 
193 439 314 167 411 376 136 117 316 0 300 388 242 249 106 425 345 84 305 358 376 63 201 422 100 181 123 261 141 471 
141 427 196 152 143 216 492 474 357 300 0 201 130 144 166 414 201 231 432 334 62 478 313 317 238 281 463 275 404 299 
382 170 452 169 136 268 434 409 409 388 201 0 456 485 446 211 133 497 324 226 125 151 297 259 53 161 177 181 89 120 
324 287 139 344 404 256 426 490 323 242 130 456 0 335 483 291 461 81 126 319 186 249 388 348 375 487 463 455 140 111 
388 440 305 310 187 278 373 437 366 249 144 485 335 0 156 163 353 100 255 423 299 152 96 422 148 313 371 56 371 409 
118 175 244 477 269 151 56 56 240 106 166 446 483 156 0 306 115 58 151 101 468 123 445 362 54 73 129 462 70 367 
475 431 443 186 74 382 441 91 275 425 414 211 291 163 306 0 323 62 328 177 57 123 254 352 54 154 351 417 478 408 
482 204 374 363 398 107 132 255 320 345 201 133 461 353 115 323 0 254 227 325 372 100 137 384 468 119 358 183 325 279 
327 496 266 219 69 354 159 317 129 84 231 497 81 100 58 62 254 0 76 472 394 171 476 486 183 262 240 180 77 387 
139 376 359 403 214 113 222 265 472 305 432 324 126 255 151 328 227 76 0 447 315 409 396 259 77 365 93 494 195 141 
104 287 186 371 122 427 308 119 458 358 334 226 319 423 101 177 325 472 447 0 197 356 357 196 226 200 170 262 449 310 
254 236 418 265 168 242 98 129 99 376 62 125 186 299 468 57 372 394 315 197 0 253 210 490 481 116 264 237 210 414 
107 173 481 284 198 160 91 81 191 63 478 151 249 152 123 123 100 171 409 356 253 0 253 147 206 125 198 351 326 494 
421 187 390 427 155 153 298 255 418 201 313 297 388 96 445 254 137 476 396 357 210 253 0 449 294 411 446 209 442 258 
313 68 326 386 118 203 295 180 163 422 317 259 348 422 362 352 384 486 259 196 490 147 449 0 333 83 232 281 179 331 
434 351 292 166 453 149 82 413 412 100 238 53 375 148 54 54 468 183 77 226 481 206 294 333 0 258 62 227 62 319 
89 279 91 235 268 395 390 409 453 181 281 161 487 313 73 154 119 262 365 200 116 125 411 83 258 0 145 423 293 407 
438 466 239 143 259 278 182 488 75 123 463 177 463 371 129 351 358 240 93 170 264 198 446 232 62 145 0 429 338 216 
298 137 262 87 102 199 52 291 500 261 275 181 455 56 462 417 183 180 494 262 237 351 209 281 227 423 429 0 293 87 
172 361 197 474 158 491 235 402 92 141 404 89 140 371 70 478 325 77 195 449 210 326 442 179 62 293 338 293 0 199 
470 467 428 349 327 331 78 191 322 471 299 120 111 409 367 408 279 387 141 310 414 494 258 331 319 407 216 87 199 0 

517.5 0 9
517.5 1 21
517.5 2 4
517.5 3 1
517.5 4 15
517.5 5 1
517.5 6 23
517.5 7 0
517.5 8 12
517.5 9 5
517.5 10 21
517.5 11 10
517.5 12 4
517.5 13 19
517.5 14 27
517.5 15 13
517.5 16 2
517.5 17 1
517.5 18 3
517.5 19 28
517.5 20 28
517.5 21 20
517.5 22 12
517.5 23 26
517.5 24 2
517.5 25 19
517.5 26 16
517.5 27 20
517.5 28 7
517.5 29 17
