50 50 4 245

0.3 0 4
0.3 0 7
0.3 0 10
0.3 0 17
0.3 0 26
0.3 0 28
0.3 0 43
0.3 1 6
0.3 1 8
0.3 1 31
0.3 1 39
0.3 1 48
0.3 2 3
0.3 2 6
0.3 2 8
0.3 2 11
0.3 2 22
0.3 2 28
0.3 2 32
0.3 2 37
0.3 2 40
0.3 2 41
0.3 2 43
0.3 2 46
0.3 2 49
0.3 3 5
0.3 3 15
0.3 3 18
0.3 3 20
0.3 3 26
0.3 3 28
0.3 3 37
0.3 4 8
0.3 4 15
0.3 4 16
0.3 4 23
0.3 4 30
0.3 4 33
0.3 4 44
0.3 5 12
0.3 5 18
0.3 5 20
0.3 5 21
0.3 5 23
0.3 5 24
0.3 5 34
0.3 5 38
0.3 5 43
0.3 5 44
0.3 5 47
0.3 6 7
0.3 6 8
0.3 6 10
0.3 6 14
0.3 6 15
0.3 6 23
0.3 6 40
0.3 6 41
0.3 7 9
0.3 7 14
0.3 7 19
0.3 7 25
0.3 7 38
0.3 7 43
0.3 7 44
0.3 7 45
0.3 7 48
0.3 8 15
0.3 8 23
0.3 8 24
0.3 8 25
0.3 8 29
0.3 8 42
0.3 8 44
0.3 8 49
0.3 9 13
0.3 9 23
0.3 9 34
0.3 9 43
0.3 9 47
0.3 10 15
0.3 10 18
0.3 10 21
0.3 10 27
0.3 10 32
0.3 10 33
0.3 10 36
0.3 10 40
0.3 10 41
0.3 11 22
0.3 11 31
0.3 11 34
0.3 11 38
0.3 11 39
0.3 11 43
0.3 11 45
0.3 11 48
0.3 12 17
0.3 12 32
0.3 12 36
0.3 12 37
0.3 12 43
0.3 12 48
0.3 13 14
0.3 13 15
0.3 13 16
0.3 13 20
0.3 13 22
0.3 13 26
0.3 13 28
0.3 13 33
0.3 13 35
0.3 13 44
0.3 13 48
0.3 14 15
0.3 14 20
0.3 14 21
0.3 14 22
0.3 14 28
0.3 14 33
0.3 14 39
0.3 14 41
0.3 14 46
0.3 14 48
0.3 15 23
0.3 15 31
0.3 15 32
0.3 15 37
0.3 15 49
0.3 16 17
0.3 16 20
0.3 16 23
0.3 16 37
0.3 17 26
0.3 17 43
0.3 17 44
0.3 18 24
0.3 18 26
0.3 18 28
0.3 18 33
0.3 18 35
0.3 18 36
0.3 18 40
0.3 18 41
0.3 18 43
0.3 19 20
0.3 19 21
0.3 19 22
0.3 19 23
0.3 19 33
0.3 19 35
0.3 19 36
0.3 19 37
0.3 19 40
0.3 19 41
0.3 20 22
0.3 20 24
0.3 20 27
0.3 20 32
0.3 20 34
0.3 20 38
0.3 20 44
0.3 20 48
0.3 21 31
0.3 21 46
0.3 22 23
0.3 22 25
0.3 22 26
0.3 22 35
0.3 22 37
0.3 22 39
0.3 22 48
0.3 22 49
0.3 23 33
0.3 23 36
0.3 23 38
0.3 23 44
0.3 24 26
0.3 24 29
0.3 24 34
0.3 24 36
0.3 24 37
0.3 24 39
0.3 24 49
0.3 25 27
0.3 25 28
0.3 25 32
0.3 25 35
0.3 25 37
0.3 25 47
0.3 25 48
0.3 26 32
0.3 26 35
0.3 26 36
0.3 26 37
0.3 26 46
0.3 27 31
0.3 27 42
0.3 27 46
0.3 28 31
0.3 28 32
0.3 28 49
0.3 29 32
0.3 29 34
0.3 29 38
0.3 29 45
0.3 30 34
0.3 30 36
0.3 30 41
0.3 30 48
0.3 31 35
0.3 31 36
0.3 31 38
0.3 31 39
0.3 31 44
0.3 33 40
0.3 33 46
0.3 33 47
0.3 34 37
0.3 34 42
0.3 35 42
0.3 35 43
0.3 35 44
0.3 35 47
0.3 36 38
0.3 36 41
0.3 36 43
0.3 36 45
0.3 37 42
0.3 37 43
0.3 37 47
0.3 37 48
0.3 37 49
0.3 38 40
0.3 38 46
0.3 39 43
0.3 39 45
0.3 39 46
0.3 39 48
0.3 41 43
0.3 41 49
0.3 42 47
0.3 45 46
0.3 45 47
0.3 47 48

0 184 484 455 119 280 103 440 228 215 192 296 376 431 498 130 80 489 225 148 456 442 55 121 430 482 140 115 353 132 258 308 244 289 482 383 410 51 429 229 471 494 300 115 273 489 158 244 266 448 
184 0 77 420 129 65 472 260 406 142 262 243 451 418 279 274 96 343 458 398 369 150 207 163 208 293 388 80 141 478 389 378 117 88 259 309 421 277 299 359 251 171 99 338 471 426 499 389 202 145 
484 77 0 238 111 286 239 475 244 388 202 360 154 476 252 87 212 77 195 114 162 379 411 152 196 371 465 73 341 82 223 162 242 201 281 98 498 227 214 56 97 131 495 388 393 114 170 236 451 93 
455 420 238 0 369 357 316 366 362 484 381 114 263 203 358 78 65 66 451 209 440 250 255 96 412 196 459 324 395 435 442 237 187 137 127 414 135 92 474 470 263 63 176 62 82 185 293 90 80 374 
119 129 111 369 0 437 365 261 389 461 77 422 434 104 64 204 299 497 244 108 60 70 328 457 462 497 95 391 206 118 177 319 142 275 437 499 255 295 281 218 81 199 473 499 89 360 339 266 259 163 
280 65 286 357 437 0 100 248 271 374 273 265 321 406 264 211 69 239 170 455 240 474 67 471 59 51 223 163 127 373 364 496 237 146 409 114 131 253 296 394 103 345 479 329 310 220 156 305 398 257 
103 472 239 316 365 100 0 112 316 499 431 308 343 185 233 53 287 276 410 469 493 467 306 214 177 368 441 211 418 329 59 101 445 471 80 57 254 169 265 458 225 310 420 50 260 125 151 445 333 337 
440 260 475 366 261 248 112 0 309 453 224 490 189 216 222 358 269 110 409 408 436 343 404 68 445 183 95 355 236 481 257 84 384 421 240 226 226 141 230 393 91 147 326 300 494 323 284 389 475 367 
228 406 244 362 389 271 316 309 0 230 483 361 480 201 124 266 460 211 220 160 306 68 106 188 338 209 300 121 469 207 400 459 196 247 310 128 90 392 199 51 254 372 474 153 145 145 306 413 78 370 
215 142 388 484 461 374 499 453 230 0 406 286 72 135 202 409 459 391 485 318 144 183 471 426 497 271 136 463 287 454 246 451 395 97 388 378 68 339 428 368 494 284 342 201 405 284 406 229 67 144 
192 262 202 381 77 273 431 224 483 406 0 62 331 76 362 249 100 310 436 214 145 285 101 225 96 94 91 284 153 217 414 488 371 402 471 412 319 483 84 290 85 331 479 148 120 106 55 441 405 414 
296 243 360 114 422 265 308 490 361 286 62 0 241 265 151 432 368 142 128 309 351 474 206 305 140 170 301 268 323 175 353 372 274 358 64 265 371 132 360 292 255 176 78 394 230 168 408 345 336 115 
376 451 154 263 434 321 343 189 480 72 331 241 0 56 495 316 76 206 103 214 242 258 105 180 209 280 210 57 359 240 169 59 160 281 370 460 347 292 387 331 70 390 364 352 451 213 495 193 385 461 
431 418 476 203 104 406 185 216 201 135 76 265 56 0 257 334 201 143 426 389 493 397 302 53 273 428 224 84 116 76 295 156 477 499 236 108 433 243 488 56 78 377 231 95 261 167 216 258 215 429 
498 279 252 358 64 264 233 222 124 202 362 151 495 257 0 214 119 307 116 266 415 169 433 79 304 114 217 110 314 204 92 373 147 276 187 143 220 403 468 463 56 424 447 92 449 148 286 264 470 321 
130 274 87 78 204 211 53 358 266 409 249 432 316 334 214 0 284 443 396 115 157 476 78 192 228 324 431 99 333 305 196 101 419 266 376 330 184 213 402 304 90 485 211 103 225 306 355 175 202 236 
80 96 212 65 299 69 287 269 460 459 100 368 76 201 119 284 0 397 453 339 101 344 475 163 168 181 475 91 330 349 449 302 486 417 440 122 241 148 411 445 449 86 235 119 440 360 58 390 364 187 
489 343 77 66 497 239 276 110 211 391 310 142 206 143 307 443 397 0 339 461 125 368 275 135 230 368 337 271 104 468 348 322 419 55 172 163 247 455 398 112 77 147 282 211 434 429 360 144 339 313 
225 458 195 451 244 170 410 409 220 485 436 128 103 426 116 396 453 339 0 236 332 411 303 162 159 415 418 480 394 138 495 155 73 254 164 143 261 253 84 287 268 288 302 472 400 134 347 484 59 219 
148 398 114 209 108 455 469 408 160 318 214 309 214 389 266 115 339 461 236 0 459 356 364 214 423 96 403 258 379 179 417 297 282 486 64 338 114 247 257 295 233 216 324 248 441 279 378 314 241 256 
456 369 162 440 60 240 493 436 306 144 145 351 242 493 415 157 101 125 332 459 0 218 266 498 360 140 158 408 145 71 192 238 363 82 314 102 421 158 59 76 98 447 201 335 257 359 118 106 220 138 
442 150 379 250 70 474 467 343 68 183 285 474 258 397 169 476 344 368 411 356 218 0 277 424 162 218 241 455 164 482 173 297 77 368 313 321 406 64 464 287 399 349 142 194 219 445 198 448 67 384 
55 207 411 255 328 67 306 404 106 471 101 206 105 302 433 78 475 275 303 364 266 277 0 222 208 481 290 302 359 57 194 176 164 192 59 370 101 424 266 302 340 72 84 127 209 444 417 96 457 147 
121 163 152 96 457 471 214 68 188 426 225 305 180 53 79 192 163 135 162 214 498 424 222 0 52 258 476 325 110 374 173 138 451 443 439 374 90 224 439 70 298 253 201 135 284 98 402 59 464 431 
430 208 196 412 462 59 177 445 338 497 96 140 209 273 304 228 168 230 159 423 360 162 208 52 0 154 362 113 278 352 388 176 203 496 228 468 393 183 150 421 389 212 447 340 73 272 78 424 254 452 
482 293 371 196 497 51 368 183 209 271 94 170 280 428 114 324 181 368 415 96 140 218 481 258 154 0 336 410 313 122 274 63 178 419 82 439 204 139 484 315 210 141 199 191 222 151 101 235 163 79 
140 388 465 459 95 223 441 95 300 136 91 301 210 224 217 431 475 337 418 403 158 241 290 476 362 336 0 273 118 190 231 119 276 416 322 281 105 406 351 472 467 297 496 61 111 139 433 224 101 364 
115 80 73 324 391 163 211 355 121 463 284 268 57 84 110 99 91 271 480 258 408 455 302 325 113 410 273 0 310 129 216 357 267 316 440 169 470 430 465 78 304 336 318 68 274 454 465 308 341 442 
353 141 341 395 206 127 418 236 469 287 153 323 359 116 314 333 330 104 394 379 145 164 359 110 278 313 118 310 0 141 170 230 114 384 362 488 115 59 293 314 179 141 412 229 143 379 111 368 490 188 
132 478 82 435 118 373 329 481 207 454 217 175 240 76 204 305 349 468 138 179 71 482 57 374 352 122 190 129 141 0 66 239 466 262 200 397 413 429 57 181 350 383 418 486 487 360 419 104 367 450 
258 389 223 442 177 364 59 257 400 246 414 353 169 295 92 196 449 348 495 417 192 173 194 173 388 274 231 216 170 66 0 374 347 330 446 309 216 431 287 157 110 212 179 225 331 343 275 184 308 294 
308 378 162 237 319 496 101 84 459 451 488 372 59 156 373 101 302 322 155 297 238 297 176 138 176 63 119 357 230 239 374 0 64 172 99 127 476 61 428 250 150 134 418 294 122 368 426 111 256 135 
244 117 242 187 142 237 445 384 196 395 371 274 160 477 147 419 486 419 73 282 363 77 164 451 203 178 276 267 114 466 347 64 0 56 166 412 89 206 306 491 100 260 467 323 213 286 174 199 68 95 
289 88 201 137 275 146 471 421 247 97 402 358 281 499 276 266 417 55 254 486 82 368 192 443 496 419 416 316 384 262 330 172 56 0 434 357 214 364 452 163 364 50 173 112 223 163 152 370 259 94 
482 259 281 127 437 409 80 240 310 388 471 64 370 236 187 376 440 172 164 64 314 313 59 439 228 82 322 440 362 200 446 99 166 434 0 491 317 310 157 219 119 355 301 62 361 52 425 358 286 459 
383 309 98 414 499 114 57 226 128 378 412 265 460 108 143 330 122 163 143 338 102 321 370 374 468 439 281 169 488 397 309 127 412 357 491 0 51 207 293 208 338 409 196 321 459 352 463 171 484 415 
410 421 498 135 255 131 254 226 90 68 319 371 347 433 220 184 241 247 261 114 421 406 101 90 393 204 105 470 115 413 216 476 89 214 317 51 0 116 454 263 417 345 358 148 240 89 465 174 363 301 
51 277 227 92 295 253 169 141 392 339 483 132 292 243 403 213 148 455 253 247 158 64 424 224 183 139 406 430 59 429 431 61 206 364 310 207 116 0 373 176 294 371 427 63 121 334 76 302 325 51 
429 299 214 474 281 296 265 230 199 428 84 360 387 488 468 402 411 398 84 257 59 464 266 439 150 484 351 465 293 57 287 428 306 452 157 293 454 373 0 100 136 263 472 327 452 174 453 59 458 488 
229 359 56 470 218 394 458 393 51 368 290 292 331 56 463 304 445 112 287 295 76 287 302 70 421 315 472 78 314 181 157 250 491 163 219 208 263 176 100 0 377 216 87 251 335 185 270 294 391 377 
471 251 97 263 81 103 225 91 254 494 85 255 70 78 56 90 449 77 268 233 98 399 340 298 389 210 467 304 179 350 110 150 100 364 119 338 417 294 136 377 0 155 268 421 232 324 432 237 343 352 
494 171 131 63 199 345 310 147 372 284 331 176 390 377 424 485 86 147 288 216 447 349 72 253 212 141 297 336 141 383 212 134 260 50 355 409 345 371 263 216 155 0 451 426 278 437 459 206 118 402 
300 99 495 176 473 479 420 326 474 342 479 78 364 231 447 211 235 282 302 324 201 142 84 201 447 199 496 318 412 418 179 418 467 173 301 196 358 427 472 87 268 451 0 351 271 59 384 138 433 442 
115 338 388 62 499 329 50 300 153 201 148 394 352 95 92 103 119 211 472 248 335 194 127 135 340 191 61 68 229 486 225 294 323 112 62 321 148 63 327 251 421 426 351 0 389 487 183 136 227 69 
273 471 393 82 89 310 260 494 145 405 120 230 451 261 449 225 440 434 400 441 257 219 209 284 73 222 111 274 143 487 331 122 213 223 361 459 240 121 452 335 232 278 271 389 0 311 381 170 283 330 
489 426 114 185 360 220 125 323 145 284 106 168 213 167 148 306 360 429 134 279 359 445 444 98 272 151 139 454 379 360 343 368 286 163 52 352 89 334 174 185 324 437 59 487 311 0 170 108 402 470 
158 499 170 293 339 156 151 284 306 406 55 408 495 216 286 355 58 360 347 378 118 198 417 402 78 101 433 465 111 419 275 426 174 152 425 463 465 76 453 270 432 459 384 183 381 170 0 261 380 255 
244 389 236 90 266 305 445 389 413 229 441 345 193 258 264 175 390 144 484 314 106 448 96 59 424 235 224 308 368 104 184 111 199 370 358 171 174 302 59 294 237 206 138 136 170 108 261 0 353 223 
266 202 451 80 259 398 333 475 78 67 405 336 385 215 470 202 364 339 59 241 220 67 457 464 254 163 101 341 490 367 308 256 68 259 286 484 363 325 458 391 343 118 433 227 283 402 380 353 0 282 
448 145 93 374 163 257 337 367 370 144 414 115 461 429 321 236 187 313 219 256 138 384 147 431 452 79 364 442 188 450 294 135 95 94 459 415 301 51 488 377 352 402 442 69 330 470 255 223 282 0 

941.16 0 1
941.16 1 32
941.16 2 41
941.16 3 14
941.16 4 6
941.16 5 45
941.16 6 45
941.16 7 17
941.16 8 29
941.16 9 38
941.16 10 46
941.16 11 42
941.16 12 17
941.16 13 28
941.16 14 11
941.16 15 4
941.16 16 15
941.16 17 31
941.16 18 27
941.16 19 20
941.16 20 18
941.16 21 46
941.16 22 3
941.16 23 20
941.16 24 23
941.16 25 27
941.16 26 44
941.16 27 16
941.16 28 41
941.16 29 22
941.16 30 24
941.16 31 47
941.16 32 10
941.16 33 22
941.16 34 12
941.16 35 17
941.16 36 23
941.16 37 8
941.16 38 39
941.16 39 3
941.16 40 46
941.16 41 36
941.16 42 2
941.16 43 15
941.16 44 15
941.16 45 18
941.16 46 24
941.16 47 35
941.16 48 1
941.16 49 8
