40 40 3 156

0.25 0 2
0.25 0 3
0.25 0 4
0.25 0 8
0.25 0 12
0.25 0 15
0.25 0 21
0.25 0 24
0.25 0 26
0.25 0 27
0.25 0 38
0.25 1 2
0.25 1 4
0.25 1 19
0.25 1 29
0.25 1 38
0.25 2 3
0.25 2 7
0.25 2 32
0.25 2 34
0.25 2 38
0.25 3 4
0.25 3 5
0.25 3 8
0.25 3 11
0.25 3 12
0.25 3 14
0.25 3 16
0.25 3 19
0.25 3 20
0.25 3 32
0.25 3 34
0.25 4 5
0.25 4 18
0.25 4 23
0.25 4 31
0.25 4 32
0.25 4 34
0.25 5 9
0.25 5 15
0.25 5 30
0.25 5 31
0.25 6 10
0.25 6 11
0.25 6 14
0.25 6 15
0.25 6 17
0.25 6 20
0.25 6 21
0.25 6 26
0.25 6 35
0.25 6 36
0.25 6 38
0.25 7 12
0.25 7 13
0.25 7 15
0.25 7 20
0.25 7 21
0.25 7 25
0.25 7 26
0.25 7 29
0.25 7 30
0.25 7 32
0.25 7 36
0.25 8 9
0.25 8 10
0.25 8 15
0.25 8 22
0.25 8 27
0.25 8 28
0.25 8 31
0.25 8 34
0.25 8 38
0.25 9 19
0.25 9 32
0.25 9 33
0.25 10 14
0.25 10 15
0.25 10 18
0.25 10 20
0.25 10 32
0.25 10 36
0.25 10 38
0.25 10 39
0.25 11 13
0.25 11 17
0.25 11 22
0.25 11 38
0.25 12 22
0.25 12 26
0.25 12 32
0.25 12 36
0.25 12 39
0.25 13 24
0.25 13 29
0.25 13 38
0.25 13 39
0.25 14 26
0.25 14 35
0.25 15 16
0.25 15 34
0.25 16 21
0.25 16 26
0.25 16 29
0.25 16 35
0.25 17 20
0.25 17 24
0.25 17 32
0.25 17 35
0.25 18 20
0.25 18 22
0.25 18 23
0.25 18 25
0.25 18 27
0.25 18 30
0.25 18 32
0.25 18 34
0.25 18 36
0.25 19 21
0.25 19 22
0.25 19 26
0.25 19 32
0.25 19 34
0.25 20 21
0.25 20 25
0.25 20 27
0.25 20 29
0.25 21 22
0.25 21 28
0.25 21 31
0.25 21 35
0.25 22 35
0.25 23 31
0.25 23 36
0.25 23 38
0.25 24 25
0.25 24 28
0.25 24 29
0.25 24 30
0.25 24 38
0.25 25 26
0.25 25 30
0.25 26 31
0.25 26 32
0.25 26 36
0.25 28 39
0.25 29 35
0.25 29 38
0.25 31 36
0.25 31 37
0.25 32 36
0.25 32 37
0.25 33 37
0.25 35 36
0.25 35 37
0.25 36 37

0 399 197 195 337 114 151 67 213 121 242 452 283 264 433 241 392 350 295 479 487 384 499 113 446 73 183 415 275 314 403 354 317 462 338 313 131 51 410 61 
399 0 186 160 222 306 193 444 390 300 195 411 123 336 419 68 148 226 495 165 316 353 400 495 438 174 157 387 412 111 495 419 229 172 467 264 141 266 82 250 
197 186 0 312 83 383 352 499 210 125 108 248 153 138 481 269 416 274 410 128 104 315 317 155 307 56 82 224 241 321 68 212 467 81 135 145 189 303 265 495 
195 160 312 0 412 313 64 312 111 154 93 83 358 153 312 414 310 263 229 249 209 204 257 213 425 185 375 69 136 295 220 129 396 485 363 400 199 64 77 446 
337 222 83 412 0 126 124 372 86 211 416 123 227 487 421 490 335 215 432 410 412 328 199 402 158 472 462 458 326 473 71 138 73 284 217 287 431 268 221 273 
114 306 383 313 126 0 401 99 102 189 390 137 70 278 90 311 435 291 492 293 185 452 309 83 182 52 82 357 334 268 313 233 406 75 210 447 164 229 300 93 
151 193 352 64 124 401 0 132 463 410 445 450 498 193 95 259 438 472 171 217 296 470 339 325 159 282 399 177 311 381 192 392 495 495 381 330 176 171 422 424 
67 444 499 312 372 99 132 0 197 94 190 391 344 185 250 349 376 64 119 306 62 418 447 374 339 173 342 491 345 54 289 487 60 369 317 362 209 319 109 184 
213 390 210 111 86 102 463 197 0 209 333 380 114 229 400 53 236 295 473 136 322 317 469 69 246 197 88 232 499 101 194 229 134 67 352 340 307 455 444 92 
121 300 125 154 211 189 410 94 209 0 199 52 206 310 159 487 187 215 467 194 353 216 469 79 153 295 290 345 167 191 403 292 286 150 224 269 52 411 322 91 
242 195 108 93 416 390 445 190 333 199 0 354 85 139 184 492 275 262 390 185 387 500 331 273 200 98 313 279 228 349 97 389 399 435 369 478 219 433 227 51 
452 411 248 83 123 137 450 391 380 52 354 0 467 263 421 395 345 189 375 114 221 59 321 337 165 305 297 337 489 99 335 276 116 344 394 72 157 329 73 149 
283 123 153 358 227 70 498 344 114 206 85 467 0 140 156 423 321 137 381 475 87 482 491 494 54 183 278 186 105 309 251 334 119 101 233 192 345 395 343 133 
264 336 138 153 487 278 193 185 229 310 139 263 140 0 478 58 402 477 395 430 259 310 485 178 440 414 436 73 279 284 353 347 245 92 409 376 276 182 479 94 
433 419 481 312 421 90 95 250 400 159 184 421 156 478 0 484 208 173 431 315 299 426 355 352 440 350 444 126 474 294 350 335 402 303 232 304 290 194 412 428 
241 68 269 414 490 311 259 349 53 487 492 395 423 58 484 0 54 479 106 384 286 149 442 332 134 135 72 205 148 120 241 183 460 90 424 144 163 401 292 435 
392 148 416 310 335 435 438 376 236 187 275 345 321 402 208 54 0 124 375 366 375 201 454 125 460 67 240 320 171 62 354 87 490 132 192 136 168 168 412 122 
350 226 274 263 215 291 472 64 295 215 262 189 137 477 173 479 124 0 400 247 91 221 273 320 469 50 456 111 497 267 421 188 89 485 75 107 277 129 160 328 
295 495 410 229 432 492 171 119 473 467 390 375 381 395 431 106 375 400 0 131 453 162 465 56 114 250 206 347 225 219 254 310 476 77 453 426 494 71 107 61 
479 165 128 249 410 293 217 306 136 194 185 114 475 430 315 384 366 247 131 0 180 473 376 162 52 278 154 471 326 184 120 498 487 343 260 319 158 95 335 390 
487 316 104 209 412 185 296 62 322 353 387 221 87 259 299 286 375 91 453 180 0 280 479 141 462 196 61 133 316 470 346 466 54 78 97 185 300 389 93 102 
384 353 315 204 328 452 470 418 317 216 500 59 482 310 426 149 201 221 162 473 280 0 230 497 242 189 291 87 493 150 144 155 338 118 332 488 486 243 329 376 
499 400 317 257 199 309 339 447 469 469 331 321 491 485 355 442 454 273 465 376 479 230 0 146 354 363 378 426 173 460 90 141 335 316 477 174 436 226 352 383 
113 495 155 213 402 83 325 374 69 79 273 337 494 178 352 332 125 320 56 162 141 497 146 0 500 155 268 496 286 286 446 262 266 173 128 491 171 493 322 381 
446 438 307 425 158 182 159 339 246 153 200 165 54 440 440 134 460 469 114 52 462 242 354 500 0 365 248 398 125 142 310 307 144 60 356 72 221 108 194 394 
73 174 56 185 472 52 282 173 197 295 98 305 183 414 350 135 67 50 250 278 196 189 363 155 365 0 155 193 210 339 82 158 443 81 355 286 310 424 370 408 
183 157 82 375 462 82 399 342 88 290 313 297 278 436 444 72 240 456 206 154 61 291 378 268 248 155 0 494 418 278 87 294 266 74 149 121 221 433 317 387 
415 387 224 69 458 357 177 491 232 345 279 337 186 73 126 205 320 111 347 471 133 87 426 496 398 193 494 0 328 217 149 344 195 172 85 165 181 272 275 195 
275 412 241 136 326 334 311 345 499 167 228 489 105 279 474 148 171 497 225 326 316 493 173 286 125 210 418 328 0 255 310 257 406 314 406 235 153 311 158 360 
314 111 321 295 473 268 381 54 101 191 349 99 309 284 294 120 62 267 219 184 470 150 460 286 142 339 278 217 255 0 461 310 76 230 130 374 366 72 287 193 
403 495 68 220 71 313 192 289 194 403 97 335 251 353 350 241 354 421 254 120 346 144 90 446 310 82 87 149 310 461 0 305 450 100 387 100 492 366 329 368 
354 419 212 129 138 233 392 487 229 292 389 276 334 347 335 183 87 188 310 498 466 155 141 262 307 158 294 344 257 310 305 0 429 275 450 254 441 68 68 127 
317 229 467 396 73 406 495 60 134 286 399 116 119 245 402 460 490 89 476 487 54 338 335 266 144 443 266 195 406 76 450 429 0 352 96 344 457 496 75 393 
462 172 81 485 284 75 495 369 67 150 435 344 101 92 303 90 132 485 77 343 78 118 316 173 60 81 74 172 314 230 100 275 352 0 228 195 387 375 300 362 
338 467 135 363 217 210 381 317 352 224 369 394 233 409 232 424 192 75 453 260 97 332 477 128 356 355 149 85 406 130 387 450 96 228 0 360 140 82 95 72 
313 264 145 400 287 447 330 362 340 269 478 72 192 376 304 144 136 107 426 319 185 488 174 491 72 286 121 165 235 374 100 254 344 195 360 0 144 263 453 165 
131 141 189 199 431 164 176 209 307 52 219 157 345 276 290 163 168 277 494 158 300 486 436 171 221 310 221 181 153 366 492 441 457 387 140 144 0 103 99 162 
51 266 303 64 268 229 171 319 455 411 433 329 395 182 194 401 168 129 71 95 389 243 226 493 108 424 433 272 311 72 366 68 496 375 82 263 103 0 223 203 
410 82 265 77 221 300 422 109 444 322 227 73 343 479 412 292 412 160 107 335 93 329 352 322 194 370 317 275 158 287 329 68 75 300 95 453 99 223 0 55 
61 250 495 446 273 93 424 184 92 91 51 149 133 94 428 435 122 328 61 390 102 376 383 381 394 408 387 195 360 193 368 127 393 362 72 165 162 203 55 0 

808.17 0 7
808.17 1 36
808.17 2 4
808.17 3 35
808.17 4 20
808.17 5 37
808.17 6 32
808.17 7 16
808.17 8 38
808.17 9 24
808.17 10 19
808.17 11 2
808.17 12 20
808.17 13 36
808.17 14 10
808.17 15 27
808.17 16 23
808.17 17 38
808.17 18 19
808.17 19 25
808.17 20 30
808.17 21 37
808.17 22 12
808.17 23 27
808.17 24 33
808.17 25 12
808.17 26 23
808.17 27 24
808.17 28 21
808.17 29 0
808.17 30 32
808.17 31 28
808.17 32 25
808.17 33 36
808.17 34 13
808.17 35 36
808.17 36 24
808.17 37 6
808.17 38 12
808.17 39 12
