40 40 4 195

0.2 0 1
0.2 0 6
0.2 0 7
0.2 0 11
0.2 0 13
0.2 0 14
0.2 0 19
0.2 0 21
0.2 0 22
0.2 0 24
0.2 0 27
0.2 0 35
0.2 0 36
0.2 0 39
0.2 1 2
0.2 1 5
0.2 1 7
0.2 1 11
0.2 1 19
0.2 1 21
0.2 1 23
0.2 1 24
0.2 1 34
0.2 1 35
0.2 2 3
0.2 2 10
0.2 2 13
0.2 2 16
0.2 2 21
0.2 2 22
0.2 2 27
0.2 2 33
0.2 2 38
0.2 3 10
0.2 3 13
0.2 3 14
0.2 3 17
0.2 3 28
0.2 3 31
0.2 4 8
0.2 4 12
0.2 4 14
0.2 4 26
0.2 4 28
0.2 4 29
0.2 4 31
0.2 4 39
0.2 5 7
0.2 5 12
0.2 5 13
0.2 5 15
0.2 5 35
0.2 6 7
0.2 6 15
0.2 6 18
0.2 6 20
0.2 6 23
0.2 6 32
0.2 6 37
0.2 6 38
0.2 7 11
0.2 7 13
0.2 7 19
0.2 7 25
0.2 7 26
0.2 7 31
0.2 7 39
0.2 8 11
0.2 8 12
0.2 8 22
0.2 8 23
0.2 8 30
0.2 8 31
0.2 8 35
0.2 8 36
0.2 9 13
0.2 9 16
0.2 9 20
0.2 9 25
0.2 9 26
0.2 9 27
0.2 9 30
0.2 9 35
0.2 10 17
0.2 10 18
0.2 10 19
0.2 10 25
0.2 10 27
0.2 10 30
0.2 10 33
0.2 10 36
0.2 10 37
0.2 11 13
0.2 11 21
0.2 11 24
0.2 11 34
0.2 11 36
0.2 11 37
0.2 11 38
0.2 12 13
0.2 12 14
0.2 12 15
0.2 12 16
0.2 12 19
0.2 12 20
0.2 12 32
0.2 12 38
0.2 12 39
0.2 13 26
0.2 13 32
0.2 14 20
0.2 14 21
0.2 14 24
0.2 14 35
0.2 15 30
0.2 15 31
0.2 15 34
0.2 15 36
0.2 16 20
0.2 16 24
0.2 16 28
0.2 16 29
0.2 16 39
0.2 17 20
0.2 17 25
0.2 17 26
0.2 17 27
0.2 17 28
0.2 17 34
0.2 17 38
0.2 18 20
0.2 18 21
0.2 18 23
0.2 18 24
0.2 18 28
0.2 18 29
0.2 18 30
0.2 18 31
0.2 18 32
0.2 18 33
0.2 18 35
0.2 18 36
0.2 18 37
0.2 19 20
0.2 19 21
0.2 19 22
0.2 19 28
0.2 19 33
0.2 19 34
0.2 20 21
0.2 20 26
0.2 20 33
0.2 20 34
0.2 20 37
0.2 20 38
0.2 21 23
0.2 21 27
0.2 21 35
0.2 22 28
0.2 22 32
0.2 22 35
0.2 23 24
0.2 23 25
0.2 23 26
0.2 23 30
0.2 23 34
0.2 23 35
0.2 24 28
0.2 24 30
0.2 24 39
0.2 25 32
0.2 25 33
0.2 25 38
0.2 26 30
0.2 26 31
0.2 26 32
0.2 26 37
0.2 27 28
0.2 27 29
0.2 27 30
0.2 27 34
0.2 28 31
0.2 28 34
0.2 29 30
0.2 29 35
0.2 29 39
0.2 30 33
0.2 31 32
0.2 31 34
0.2 31 36
0.2 31 39
0.2 32 39
0.2 33 36
0.2 35 39
0.2 38 39

0 214 145 66 315 286 293 295 375 180 180 241 469 497 55 409 133 255 86 490 146 375 457 368 119 393 333 369 189 410 233 150 473 158 180 75 439 143 102 164 
214 0 464 279 458 259 60 281 384 126 312 162 228 236 413 322 192 479 420 238 418 401 181 291 231 280 458 188 81 85 131 401 192 62 219 366 193 358 201 417 
145 464 0 215 250 246 354 335 295 178 66 229 377 494 168 484 374 200 101 62 436 342 143 245 319 134 141 438 388 270 95 467 455 435 428 304 436 356 383 178 
66 279 215 0 284 142 250 228 296 380 485 376 147 70 60 391 252 145 421 293 450 471 430 210 63 454 428 338 361 99 269 403 375 382 154 401 289 299 93 287 
315 458 250 284 0 129 94 357 480 117 61 487 314 248 461 74 67 52 338 194 212 205 78 198 425 380 366 140 401 117 107 376 67 453 205 52 475 166 174 493 
286 259 246 142 129 0 322 382 465 414 318 319 444 55 419 219 384 126 243 99 413 116 321 422 56 50 300 477 282 364 351 280 441 268 189 104 226 70 445 432 
293 60 354 250 94 322 0 185 312 345 62 378 60 325 479 384 419 235 246 416 252 241 95 382 309 298 320 51 54 410 92 253 127 280 376 308 461 81 57 301 
295 281 335 228 357 382 185 0 465 313 62 282 366 302 396 94 436 97 359 282 173 60 476 407 194 449 146 231 238 224 177 174 399 55 186 350 190 97 359 452 
375 384 295 296 480 465 312 465 0 56 305 298 464 453 296 174 119 457 181 428 145 223 415 337 375 438 140 404 128 352 260 407 103 272 94 125 450 228 308 70 
180 126 178 380 117 414 345 313 56 0 347 342 273 437 332 145 314 331 146 308 483 56 200 338 306 323 273 367 481 414 266 220 297 275 200 290 309 285 221 57 
180 312 66 485 61 318 62 62 305 347 0 301 496 237 209 370 438 173 88 238 285 109 351 294 389 218 476 238 239 168 479 146 495 406 141 222 214 267 173 255 
241 162 229 376 487 319 378 282 298 342 301 0 275 85 446 182 401 138 478 145 179 76 71 186 291 362 141 430 66 431 380 141 194 325 314 216 283 111 370 326 
469 228 377 147 314 444 60 366 464 273 496 275 0 180 99 98 230 379 303 98 228 424 492 267 210 330 277 463 140 150 384 99 103 456 276 274 432 258 303 477 
497 236 494 70 248 55 325 302 453 437 237 85 180 0 281 62 140 185 255 274 473 495 77 322 310 478 180 328 312 357 165 480 475 270 166 141 208 479 63 500 
55 413 168 60 461 419 479 396 296 332 209 446 99 281 0 369 450 457 232 64 191 476 227 458 172 55 285 409 461 203 236 464 157 370 141 318 253 157 459 244 
409 322 484 391 74 219 384 94 174 145 370 182 98 62 369 0 461 462 281 149 472 342 314 69 116 411 99 194 69 447 447 493 95 318 485 126 220 213 383 125 
133 192 374 252 67 384 419 436 119 314 438 401 230 140 450 461 0 84 406 401 166 408 475 54 353 283 349 175 482 168 74 182 363 121 213 173 177 108 50 218 
255 479 200 145 52 126 235 97 457 331 173 138 379 185 457 462 84 0 328 109 241 227 237 372 216 394 147 185 495 163 182 488 352 51 395 287 267 112 97 480 
86 420 101 421 338 243 246 359 181 146 88 478 303 255 232 281 406 328 0 98 143 466 488 219 360 408 135 81 184 222 321 174 426 97 353 264 54 376 305 202 
490 238 62 293 194 99 416 282 428 308 238 145 98 274 64 149 401 109 98 0 398 52 238 355 489 200 82 411 175 356 187 454 72 304 81 289 95 184 470 338 
146 418 436 450 212 413 252 173 145 483 285 179 228 473 191 472 166 241 143 398 0 416 296 393 190 410 359 441 170 157 354 175 477 369 470 263 249 383 88 400 
375 401 342 471 205 116 241 60 223 56 109 76 424 495 476 342 408 227 466 52 416 0 63 417 389 79 252 380 319 356 177 235 160 162 188 63 130 130 212 300 
457 181 143 430 78 321 95 476 415 200 351 71 492 77 227 314 475 237 488 238 296 63 0 138 202 266 71 264 206 482 51 337 359 369 166 335 249 488 148 355 
368 291 245 210 198 422 382 407 337 338 294 186 267 322 458 69 54 372 219 355 393 417 138 0 209 262 253 76 287 484 416 176 359 336 270 419 213 139 219 475 
119 231 319 63 425 56 309 194 375 306 389 291 210 310 172 116 353 216 360 489 190 389 202 209 0 245 159 412 259 174 365 150 468 135 93 276 126 216 285 450 
393 280 134 454 380 50 298 449 438 323 218 362 330 478 55 411 283 394 408 200 410 79 266 262 245 0 221 122 292 394 485 408 266 300 339 369 320 262 371 486 
333 458 141 428 366 300 320 146 140 273 476 141 277 180 285 99 349 147 135 82 359 252 71 253 159 221 0 278 257 477 89 367 432 406 449 204 498 284 414 433 
369 188 438 338 140 477 51 231 404 367 238 430 463 328 409 194 175 185 81 411 441 380 264 76 412 122 278 0 492 139 258 397 364 223 56 464 147 408 214 156 
189 81 388 361 401 282 54 238 128 481 239 66 140 312 461 69 482 495 184 175 170 319 206 287 259 292 257 492 0 186 462 165 138 473 84 290 257 179 392 291 
410 85 270 99 117 364 410 224 352 414 168 431 150 357 203 447 168 163 222 356 157 356 482 484 174 394 477 139 186 0 386 84 467 257 286 365 136 181 67 91 
233 131 95 269 107 351 92 177 260 266 479 380 384 165 236 447 74 182 321 187 354 177 51 416 365 485 89 258 462 386 0 282 352 490 482 128 275 367 369 114 
150 401 467 403 376 280 253 174 407 220 146 141 99 480 464 493 182 488 174 454 175 235 337 176 150 408 367 397 165 84 282 0 110 337 421 71 195 272 200 161 
473 192 455 375 67 441 127 399 103 297 495 194 103 475 157 95 363 352 426 72 477 160 359 359 468 266 432 364 138 467 352 110 0 476 455 230 486 489 425 214 
158 62 435 382 453 268 280 55 272 275 406 325 456 270 370 318 121 51 97 304 369 162 369 336 135 300 406 223 473 257 490 337 476 0 165 138 211 429 459 449 
180 219 428 154 205 189 376 186 94 200 141 314 276 166 141 485 213 395 353 81 470 188 166 270 93 339 449 56 84 286 482 421 455 165 0 422 190 71 451 154 
75 366 304 401 52 104 308 350 125 290 222 216 274 141 318 126 173 287 264 289 263 63 335 419 276 369 204 464 290 365 128 71 230 138 422 0 460 154 305 207 
439 193 436 289 475 226 461 190 450 309 214 283 432 208 253 220 177 267 54 95 249 130 249 213 126 320 498 147 257 136 275 195 486 211 190 460 0 449 159 136 
143 358 356 299 166 70 81 97 228 285 267 111 258 479 157 213 108 112 376 184 383 130 488 139 216 262 284 408 179 181 367 272 489 429 71 154 449 0 458 405 
102 201 383 93 174 445 57 359 308 221 173 370 303 63 459 383 50 97 305 470 88 212 148 219 285 371 414 214 392 67 369 200 425 459 451 305 159 458 0 365 
164 417 178 287 493 432 301 452 70 57 255 326 477 500 244 125 218 480 202 338 400 300 355 475 450 486 433 156 291 91 114 161 214 449 154 207 136 405 365 0 

580.75 0 34
580.75 1 2
580.75 2 26
580.75 3 8
580.75 4 2
580.75 5 4
580.75 6 21
580.75 7 8
580.75 8 25
580.75 9 13
580.75 10 23
580.75 11 35
580.75 12 11
580.75 13 3
580.75 14 9
580.75 15 3
580.75 16 10
580.75 17 10
580.75 18 13
580.75 19 37
580.75 20 2
580.75 21 3
580.75 22 18
580.75 23 7
580.75 24 14
580.75 25 10
580.75 26 3
580.75 27 22
580.75 28 29
580.75 29 6
580.75 30 12
580.75 31 24
580.75 32 36
580.75 33 0
580.75 34 32
580.75 35 38
580.75 36 4
580.75 37 4
580.75 38 35
580.75 39 29
