10 10 4 4

0.25 1 8
0.25 2 7
0.25 5 9
0.25 7 8

0 254 200 303 63 364 134 109 59 273 
254 0 463 269 273 238 235 362 83 286 
200 463 0 162 330 402 489 397 443 187 
303 269 162 0 260 363 109 194 263 309 
63 273 330 260 0 455 354 353 440 496 
364 238 402 363 455 0 65 329 161 257 
134 235 489 109 354 65 0 271 66 253 
109 362 397 194 353 329 271 0 415 397 
59 83 443 263 440 161 66 415 0 120 
273 286 187 309 496 257 253 397 120 0 

209 0 3
209 1 8
209 2 8
209 3 0
209 4 3
209 5 6
209 6 7
209 7 5
209 8 0
209 9 6
