50 50 3 122

0.4 0 17
0.4 0 19
0.4 0 24
0.4 0 30
0.4 0 38
0.4 0 42
0.4 1 31
0.4 1 37
0.4 1 40
0.4 1 47
0.4 2 3
0.4 2 7
0.4 2 12
0.4 2 13
0.4 2 20
0.4 2 23
0.4 3 25
0.4 3 26
0.4 3 28
0.4 3 32
0.4 3 43
0.4 4 6
0.4 4 12
0.4 4 17
0.4 4 21
0.4 5 12
0.4 5 14
0.4 5 19
0.4 5 21
0.4 5 38
0.4 5 45
0.4 6 11
0.4 6 16
0.4 6 31
0.4 6 40
0.4 6 42
0.4 7 14
0.4 7 20
0.4 7 21
0.4 7 27
0.4 7 30
0.4 7 37
0.4 8 17
0.4 8 30
0.4 8 38
0.4 9 10
0.4 9 19
0.4 9 35
0.4 10 42
0.4 11 20
0.4 11 21
0.4 11 36
0.4 11 40
0.4 12 24
0.4 12 39
0.4 12 40
0.4 13 24
0.4 13 31
0.4 13 46
0.4 14 16
0.4 14 30
0.4 14 44
0.4 14 49
0.4 15 24
0.4 15 31
0.4 15 42
0.4 16 30
0.4 16 33
0.4 16 37
0.4 16 41
0.4 17 28
0.4 17 40
0.4 18 20
0.4 18 33
0.4 19 21
0.4 19 33
0.4 19 45
0.4 20 39
0.4 20 40
0.4 21 26
0.4 21 29
0.4 21 35
0.4 21 37
0.4 22 32
0.4 22 34
0.4 22 44
0.4 23 34
0.4 23 39
0.4 23 42
0.4 23 47
0.4 24 31
0.4 25 35
0.4 26 27
0.4 26 28
0.4 26 29
0.4 26 32
0.4 26 47
0.4 27 32
0.4 27 37
0.4 27 49
0.4 30 32
0.4 30 39
0.4 32 43
0.4 33 40
0.4 33 48
0.4 34 36
0.4 34 42
0.4 34 44
0.4 34 46
0.4 34 47
0.4 34 49
0.4 35 39
0.4 35 47
0.4 36 43
0.4 37 38
0.4 37 48
0.4 38 45
0.4 40 42
0.4 40 49
0.4 42 48
0.4 43 44
0.4 45 46

0 343 342 432 380 124 50 221 146 247 383 250 249 216 331 58 84 325 136 428 78 80 170 375 491 202 382 368 288 376 279 179 169 251 337 442 421 485 323 338 100 467 212 132 479 175 60 66 62 301 
343 0 244 404 94 245 173 100 215 457 148 114 442 242 498 179 120 298 397 429 333 470 411 266 340 456 50 107 436 252 383 466 362 219 176 289 420 493 356 247 150 471 425 248 116 417 444 350 57 181 
342 244 0 470 312 220 153 244 328 417 385 242 352 492 204 457 347 331 366 389 370 187 190 220 181 422 71 378 188 338 251 256 264 345 422 175 382 94 156 76 166 340 407 368 312 207 387 146 357 182 
432 404 470 0 59 64 417 309 195 58 242 190 166 388 414 279 288 310 103 215 484 261 282 283 114 140 458 451 361 371 238 380 256 472 301 456 169 481 115 190 400 485 232 199 70 284 284 118 229 488 
380 94 312 59 0 423 131 343 263 222 64 211 451 55 242 345 274 349 133 73 165 96 167 54 102 117 140 123 303 187 427 203 271 78 152 383 460 202 104 169 368 244 281 235 77 346 318 57 347 177 
124 245 220 64 423 0 121 479 71 491 466 407 73 433 99 198 261 479 396 253 424 479 417 369 261 336 233 259 246 476 121 182 153 465 306 412 250 161 114 435 384 381 493 284 407 404 457 66 193 456 
50 173 153 417 131 121 0 234 126 254 314 468 363 160 163 477 236 493 183 257 351 339 417 182 221 359 159 451 238 438 375 208 414 476 308 371 276 323 94 294 111 366 96 497 414 427 75 486 333 322 
221 100 244 309 343 479 234 0 166 392 442 112 411 476 184 439 323 288 209 53 77 489 126 303 180 108 303 351 253 441 158 77 298 385 388 249 59 78 181 145 423 330 359 134 480 443 125 478 367 137 
146 215 328 195 263 71 126 166 0 262 272 377 172 390 401 410 374 389 81 121 59 374 157 202 135 382 361 423 319 428 59 498 150 301 287 89 290 84 97 405 444 387 274 189 215 221 103 100 82 157 
247 457 417 58 222 491 254 392 262 0 264 489 124 224 486 165 126 158 248 279 429 255 104 302 437 490 456 298 203 383 71 217 337 286 416 368 210 293 118 51 465 195 438 234 288 303 206 212 325 500 
383 148 385 242 64 466 314 442 272 264 0 189 293 218 341 98 430 336 333 500 478 83 363 420 350 379 126 83 411 400 86 99 103 274 366 401 117 249 146 352 91 436 270 325 294 200 191 432 466 77 
250 114 242 190 211 407 468 112 377 489 189 0 270 79 180 386 115 481 348 475 162 159 333 342 125 434 403 289 169 246 392 83 183 158 422 344 342 252 423 143 473 64 54 297 160 61 413 50 143 68 
249 442 352 166 451 73 363 411 172 124 293 270 0 141 348 54 417 162 368 371 356 294 448 83 198 457 314 100 333 292 422 315 358 272 498 334 376 273 202 60 312 365 164 151 374 115 184 346 58 257 
216 242 492 388 55 433 160 476 390 224 218 79 141 0 458 273 317 315 206 135 406 159 124 293 425 100 184 150 208 310 282 227 487 185 446 228 217 126 153 61 67 69 114 341 413 395 59 381 165 486 
331 498 204 414 242 99 163 184 401 486 341 180 348 458 0 310 169 290 380 127 50 142 379 259 464 320 284 244 409 121 183 71 411 376 305 107 471 484 476 212 91 150 117 352 253 309 486 188 117 198 
58 179 457 279 345 198 477 439 410 165 98 386 54 273 310 0 374 403 372 443 277 409 426 450 451 299 59 176 121 124 438 204 61 129 260 346 465 74 471 105 382 135 281 92 80 256 81 296 464 435 
84 120 347 288 274 261 236 323 374 126 430 115 417 317 169 374 0 386 243 396 429 82 169 125 126 243 270 53 465 224 110 164 358 177 328 216 218 259 258 110 380 158 417 254 158 121 55 304 164 300 
325 298 331 310 349 479 493 288 389 158 336 481 162 315 290 403 386 0 396 417 460 199 124 122 266 169 424 58 265 236 465 131 493 262 264 150 481 169 50 196 56 128 141 145 223 66 233 477 394 56 
136 397 366 103 133 396 183 209 81 248 333 348 368 206 380 372 243 396 0 338 241 193 56 260 127 130 223 67 71 195 162 168 387 176 61 422 171 377 482 413 123 75 400 393 491 168 346 131 281 252 
428 429 389 215 73 253 257 53 121 279 500 475 371 135 127 443 396 417 338 0 188 299 130 439 175 147 76 494 347 188 296 483 340 460 282 138 74 57 303 323 156 392 199 453 437 120 208 460 377 464 
78 333 370 484 165 424 351 77 59 429 478 162 356 406 50 277 429 460 241 188 0 127 157 406 55 300 243 274 475 452 366 378 126 95 336 51 95 103 210 141 421 412 482 101 147 292 214 133 236 404 
80 470 187 261 96 479 339 489 374 255 83 159 294 159 142 409 82 199 193 299 127 0 372 207 370 93 472 287 286 424 300 241 127 455 370 60 183 319 119 477 220 280 241 168 317 307 211 130 290 142 
170 411 190 282 167 417 417 126 157 104 363 333 448 124 379 426 169 124 56 130 157 372 0 62 384 305 269 418 364 486 454 490 329 122 216 451 186 399 338 363 378 226 402 108 377 147 264 398 324 454 
375 266 220 283 54 369 182 303 202 302 420 342 83 293 259 450 125 122 260 439 406 207 62 0 212 376 118 447 469 426 289 87 163 359 402 150 353 318 343 364 380 345 418 446 50 425 328 314 128 333 
491 340 181 114 102 261 221 180 135 437 350 125 198 425 464 451 126 266 127 175 55 370 384 212 0 65 308 313 60 209 492 480 313 227 382 359 91 61 485 363 64 357 66 380 134 116 226 183 461 205 
202 456 422 140 117 336 359 108 382 490 379 434 457 100 320 299 243 169 130 147 300 93 305 376 65 0 123 160 357 105 380 237 66 359 363 305 228 94 358 258 138 411 104 412 313 360 248 493 446 294 
382 50 71 458 140 233 159 303 361 456 126 403 314 184 284 59 270 424 223 76 243 472 269 118 308 123 0 174 386 394 449 417 287 306 149 405 235 210 262 242 479 146 234 386 245 478 451 149 471 270 
368 107 378 451 123 259 451 351 423 298 83 289 100 150 244 176 53 58 67 494 274 287 418 447 313 160 174 0 213 219 304 428 448 197 349 307 392 381 445 70 234 73 207 207 298 162 184 111 233 384 
288 436 188 361 303 246 238 253 319 203 411 169 333 208 409 121 465 265 71 347 475 286 364 469 60 357 386 213 0 169 480 491 263 248 355 202 265 329 358 415 77 413 87 490 434 366 450 477 411 408 
376 252 338 371 187 476 438 441 428 383 400 246 292 310 121 124 224 236 195 188 452 424 486 426 209 105 394 219 169 0 374 397 183 261 305 92 243 427 90 391 127 75 144 471 471 191 188 444 258 171 
279 383 251 238 427 121 375 158 59 71 86 392 422 282 183 438 110 465 162 296 366 300 454 289 492 380 449 304 480 374 0 58 456 286 242 176 196 416 66 272 255 391 493 253 51 289 450 475 252 433 
179 466 256 380 203 182 208 77 498 217 99 83 315 227 71 204 164 131 168 483 378 241 490 87 480 237 417 428 491 397 58 0 139 449 191 350 185 69 387 252 335 135 457 328 413 492 216 249 180 208 
169 362 264 256 271 153 414 298 150 337 103 183 358 487 411 61 358 493 387 340 126 127 329 163 313 66 287 448 263 183 456 139 0 186 431 331 163 420 396 344 434 253 275 218 293 314 132 500 472 58 
251 219 345 472 78 465 476 385 301 286 274 158 272 185 376 129 177 262 176 460 95 455 122 359 227 359 306 197 248 261 286 449 186 0 163 58 78 461 379 54 127 230 155 327 69 203 336 120 315 114 
337 176 422 301 152 306 308 388 287 416 366 422 498 446 305 260 328 264 61 282 336 370 216 402 382 363 149 349 355 305 242 191 431 163 0 305 60 50 452 393 234 119 188 234 433 482 206 317 359 402 
442 289 175 456 383 412 371 249 89 368 401 344 334 228 107 346 216 150 422 138 51 60 451 150 359 305 405 307 202 92 176 350 331 58 305 0 329 121 451 464 301 447 55 404 76 159 400 56 318 393 
421 420 382 169 460 250 276 59 290 210 117 342 376 217 471 465 218 481 171 74 95 183 186 353 91 228 235 392 265 243 196 185 163 78 60 329 0 121 443 440 461 317 354 318 182 106 293 343 458 277 
485 493 94 481 202 161 323 78 84 293 249 252 273 126 484 74 259 169 377 57 103 319 399 318 61 94 210 381 329 427 416 69 420 461 50 121 121 0 252 393 52 191 441 230 102 408 232 303 191 224 
323 356 156 115 104 114 94 181 97 118 146 423 202 153 476 471 258 50 482 303 210 119 338 343 485 358 262 445 358 90 66 387 396 379 452 451 443 252 0 315 430 277 120 244 56 309 231 240 184 480 
338 247 76 190 169 435 294 145 405 51 352 143 60 61 212 105 110 196 413 323 141 477 363 364 363 258 242 70 415 391 272 252 344 54 393 464 440 393 315 0 160 411 128 457 347 484 102 393 491 384 
100 150 166 400 368 384 111 423 444 465 91 473 312 67 91 382 380 56 123 156 421 220 378 380 64 138 479 234 77 127 255 335 434 127 234 301 461 52 430 160 0 336 378 171 96 417 144 221 223 223 
467 471 340 485 244 381 366 330 387 195 436 64 365 69 150 135 158 128 75 392 412 280 226 345 357 411 146 73 413 75 391 135 253 230 119 447 317 191 277 411 336 0 96 69 56 459 128 172 357 263 
212 425 407 232 281 493 96 359 274 438 270 54 164 114 117 281 417 141 400 199 482 241 402 418 66 104 234 207 87 144 493 457 275 155 188 55 354 441 120 128 378 96 0 254 214 496 222 393 133 402 
132 248 368 199 235 284 497 134 189 234 325 297 151 341 352 92 254 145 393 453 101 168 108 446 380 412 386 207 490 471 253 328 218 327 234 404 318 230 244 457 171 69 254 0 421 238 485 66 438 186 
479 116 312 70 77 407 414 480 215 288 294 160 374 413 253 80 158 223 491 437 147 317 377 50 134 313 245 298 434 471 51 413 293 69 433 76 182 102 56 347 96 56 214 421 0 109 345 259 228 248 
175 417 207 284 346 404 427 443 221 303 200 61 115 395 309 256 121 66 168 120 292 307 147 425 116 360 478 162 366 191 289 492 314 203 482 159 106 408 309 484 417 459 496 238 109 0 414 80 408 99 
60 444 387 284 318 457 75 125 103 206 191 413 184 59 486 81 55 233 346 208 214 211 264 328 226 248 451 184 450 188 450 216 132 336 206 400 293 232 231 102 144 128 222 485 345 414 0 68 401 120 
66 350 146 118 57 66 486 478 100 212 432 50 346 381 188 296 304 477 131 460 133 130 398 314 183 493 149 111 477 444 475 249 500 120 317 56 343 303 240 393 221 172 393 66 259 80 68 0 99 498 
62 57 357 229 347 193 333 367 82 325 466 143 58 165 117 464 164 394 281 377 236 290 324 128 461 446 471 233 411 258 252 180 472 315 359 318 458 191 184 491 223 357 133 438 228 408 401 99 0 312 
301 181 182 488 177 456 322 137 157 500 77 68 257 486 198 435 300 56 252 464 404 142 454 333 205 294 270 384 408 171 433 208 58 114 402 393 277 224 480 384 223 263 402 186 248 99 120 498 312 0 

1389.5 0 8
1389.5 1 9
1389.5 2 21
1389.5 3 43
1389.5 4 19
1389.5 5 0
1389.5 6 12
1389.5 7 2
1389.5 8 42
1389.5 9 22
1389.5 10 37
1389.5 11 8
1389.5 12 16
1389.5 13 1
1389.5 14 43
1389.5 15 7
1389.5 16 33
1389.5 17 30
1389.5 18 5
1389.5 19 21
1389.5 20 13
1389.5 21 45
1389.5 22 27
1389.5 23 24
1389.5 24 38
1389.5 25 34
1389.5 26 2
1389.5 27 5
1389.5 28 33
1389.5 29 20
1389.5 30 38
1389.5 31 46
1389.5 32 34
1389.5 33 15
1389.5 34 46
1389.5 35 5
1389.5 36 16
1389.5 37 9
1389.5 38 12
1389.5 39 14
1389.5 40 36
1389.5 41 1
1389.5 42 22
1389.5 43 3
1389.5 44 2
1389.5 45 21
1389.5 46 15
1389.5 47 40
1389.5 48 3
1389.5 49 21
