20 20 4 38

0.3 0 5
0.3 0 11
0.3 0 18
0.3 1 3
0.3 1 4
0.3 1 8
0.3 1 9
0.3 1 10
0.3 1 12
0.3 1 14
0.3 1 19
0.3 2 10
0.3 2 14
0.3 2 17
0.3 2 19
0.3 3 13
0.3 3 14
0.3 4 16
0.3 4 17
0.3 4 19
0.3 5 6
0.3 5 7
0.3 5 11
0.3 5 18
0.3 6 7
0.3 6 8
0.3 7 9
0.3 7 10
0.3 7 13
0.3 9 10
0.3 9 19
0.3 10 16
0.3 11 18
0.3 12 16
0.3 13 15
0.3 14 16
0.3 15 17
0.3 16 18

0 128 320 159 106 493 129 474 290 272 286 212 382 162 389 397 76 239 233 169 
128 0 180 133 458 341 462 292 148 290 448 422 174 414 253 297 457 54 461 363 
320 180 0 441 487 178 330 235 445 214 229 404 223 439 355 314 413 72 347 168 
159 133 441 0 488 355 107 272 369 258 322 177 96 344 63 331 486 69 366 210 
106 458 487 488 0 481 297 449 418 484 261 211 138 271 362 165 67 169 63 229 
493 341 178 355 481 0 330 399 124 207 232 51 206 379 287 227 426 249 358 467 
129 462 330 107 297 330 0 466 234 305 358 328 460 73 152 269 347 288 149 438 
474 292 235 272 449 399 466 0 257 368 441 286 393 277 242 215 305 334 101 232 
290 148 445 369 418 124 234 257 0 268 474 175 74 91 460 204 77 160 122 416 
272 290 214 258 484 207 305 368 268 0 299 403 434 201 405 354 88 349 288 311 
286 448 229 322 261 232 358 441 474 299 0 226 385 180 330 238 264 278 382 53 
212 422 404 177 211 51 328 286 175 403 226 0 228 425 166 187 432 297 208 148 
382 174 223 96 138 206 460 393 74 434 385 228 0 118 364 151 124 450 496 140 
162 414 439 344 271 379 73 277 91 201 180 425 118 0 429 389 136 166 385 443 
389 253 355 63 362 287 152 242 460 405 330 166 364 429 0 318 51 321 154 108 
397 297 314 331 165 227 269 215 204 354 238 187 151 389 318 0 52 476 50 193 
76 457 413 486 67 426 347 305 77 88 264 432 124 136 51 52 0 330 407 64 
239 54 72 69 169 249 288 334 160 349 278 297 450 166 321 476 330 0 173 329 
233 461 347 366 63 358 149 101 122 288 382 208 496 385 154 50 407 173 0 51 
169 363 168 210 229 467 438 232 416 311 53 148 140 443 108 193 64 329 51 0 

439.89 0 1
439.89 1 8
439.89 2 12
439.89 3 1
439.89 4 7
439.89 5 18
439.89 6 7
439.89 7 8
439.89 8 11
439.89 9 11
439.89 10 13
439.89 11 16
439.89 12 14
439.89 13 2
439.89 14 7
439.89 15 16
439.89 16 4
439.89 17 10
439.89 18 19
439.89 19 12
