40 40 4 195

0.4 0 3
0.4 0 8
0.4 0 11
0.4 0 12
0.4 0 14
0.4 0 20
0.4 0 22
0.4 0 24
0.4 0 27
0.4 0 31
0.4 0 35
0.4 0 37
0.4 1 16
0.4 1 27
0.4 1 29
0.4 2 7
0.4 2 11
0.4 2 14
0.4 2 15
0.4 2 19
0.4 2 25
0.4 2 31
0.4 2 32
0.4 2 34
0.4 2 35
0.4 2 39
0.4 3 6
0.4 3 9
0.4 3 11
0.4 3 12
0.4 3 16
0.4 3 18
0.4 3 24
0.4 3 27
0.4 3 31
0.4 3 34
0.4 3 35
0.4 3 36
0.4 3 39
0.4 4 5
0.4 4 6
0.4 4 9
0.4 4 15
0.4 4 19
0.4 4 22
0.4 4 25
0.4 4 26
0.4 5 7
0.4 5 10
0.4 5 11
0.4 5 14
0.4 5 19
0.4 5 24
0.4 5 26
0.4 5 27
0.4 5 28
0.4 5 29
0.4 5 32
0.4 5 37
0.4 6 7
0.4 6 17
0.4 6 21
0.4 6 26
0.4 6 27
0.4 6 34
0.4 6 35
0.4 6 36
0.4 6 38
0.4 7 10
0.4 7 19
0.4 7 23
0.4 7 26
0.4 7 31
0.4 7 32
0.4 7 33
0.4 8 9
0.4 8 13
0.4 8 19
0.4 8 20
0.4 8 23
0.4 8 26
0.4 8 27
0.4 8 29
0.4 8 34
0.4 8 35
0.4 8 36
0.4 8 38
0.4 9 10
0.4 9 14
0.4 9 17
0.4 9 21
0.4 9 26
0.4 9 38
0.4 10 17
0.4 10 21
0.4 10 22
0.4 10 25
0.4 10 27
0.4 10 30
0.4 10 33
0.4 11 13
0.4 11 15
0.4 11 18
0.4 11 19
0.4 11 27
0.4 11 31
0.4 11 32
0.4 11 37
0.4 12 14
0.4 12 16
0.4 12 18
0.4 12 23
0.4 12 38
0.4 13 25
0.4 13 26
0.4 13 27
0.4 14 16
0.4 14 25
0.4 14 29
0.4 14 32
0.4 14 36
0.4 15 17
0.4 15 36
0.4 15 37
0.4 16 18
0.4 16 20
0.4 16 21
0.4 16 26
0.4 16 27
0.4 16 30
0.4 16 35
0.4 16 37
0.4 16 38
0.4 17 18
0.4 17 25
0.4 17 39
0.4 18 20
0.4 18 22
0.4 18 27
0.4 18 29
0.4 18 31
0.4 18 34
0.4 18 35
0.4 19 21
0.4 19 24
0.4 19 37
0.4 19 38
0.4 19 39
0.4 20 24
0.4 20 25
0.4 20 27
0.4 20 30
0.4 20 32
0.4 20 38
0.4 21 26
0.4 21 27
0.4 21 29
0.4 21 32
0.4 21 37
0.4 22 24
0.4 22 33
0.4 22 35
0.4 23 25
0.4 23 28
0.4 23 36
0.4 23 37
0.4 24 29
0.4 24 31
0.4 24 35
0.4 24 36
0.4 24 38
0.4 24 39
0.4 25 28
0.4 25 30
0.4 25 33
0.4 25 35
0.4 25 39
0.4 26 30
0.4 26 31
0.4 26 37
0.4 26 39
0.4 27 29
0.4 27 32
0.4 27 33
0.4 28 30
0.4 28 32
0.4 28 36
0.4 28 39
0.4 29 37
0.4 30 39
0.4 31 33
0.4 32 36
0.4 33 37
0.4 35 38
0.4 36 38

0 144 423 456 378 155 61 164 139 155 390 230 136 264 460 107 172 76 330 443 275 137 418 433 101 329 333 111 365 330 464 55 330 438 260 104 177 437 292 391 
144 0 251 60 376 472 186 293 447 272 103 53 336 305 190 239 223 225 133 408 243 337 449 129 61 430 326 194 151 73 380 199 148 242 229 418 265 246 473 381 
423 251 0 382 185 62 313 184 317 217 413 67 441 202 500 74 88 198 406 196 243 149 115 50 386 331 469 87 131 269 252 102 253 201 159 325 325 234 335 274 
456 60 382 0 346 491 325 275 233 498 202 434 303 422 461 174 69 407 84 370 416 86 207 309 130 55 237 91 265 401 243 257 87 390 270 404 260 414 449 332 
378 376 185 346 0 215 89 347 125 324 135 142 89 118 371 209 429 140 473 451 389 73 257 60 164 323 290 112 420 381 355 148 246 108 412 363 157 249 312 226 
155 472 62 491 215 0 405 119 67 323 208 220 472 157 219 85 499 233 259 444 311 261 272 140 87 147 224 126 482 106 359 407 160 60 108 367 255 347 355 257 
61 186 313 325 89 405 0 254 188 225 107 457 332 129 96 82 390 195 128 213 336 119 154 99 88 483 66 367 58 372 330 116 360 477 349 220 381 459 498 197 
164 293 184 275 347 119 254 0 135 336 249 325 264 66 413 337 354 428 481 127 209 165 459 103 361 131 219 287 217 300 412 428 380 450 445 377 478 164 116 487 
139 447 317 233 125 67 188 135 0 69 451 295 63 93 366 154 94 93 185 179 405 408 142 124 227 159 54 313 300 88 231 74 391 373 335 392 271 414 94 146 
155 272 217 498 324 323 225 336 69 0 448 230 352 132 349 396 302 90 435 260 188 332 178 467 167 124 278 363 134 380 337 297 363 83 110 430 297 207 187 239 
390 103 413 202 135 208 107 249 451 448 0 219 153 290 452 416 427 343 440 125 383 222 302 52 118 418 248 461 290 223 206 471 351 277 64 414 407 340 235 71 
230 53 67 434 142 220 457 325 295 230 219 0 117 234 93 377 149 420 362 243 406 389 429 396 242 480 359 329 87 338 317 230 121 54 75 164 95 70 346 68 
136 336 441 303 89 472 332 264 63 352 153 117 0 225 181 439 460 236 421 237 131 281 485 381 177 369 260 81 397 220 59 113 182 120 260 66 208 98 277 120 
264 305 202 422 118 157 129 66 93 132 290 234 225 0 215 499 470 341 320 406 290 171 339 259 415 456 329 222 153 464 494 481 87 485 331 417 361 97 159 191 
460 190 500 461 371 219 96 413 366 349 452 93 181 215 0 373 487 292 388 83 309 304 208 167 498 96 224 106 254 375 488 431 258 200 272 430 492 240 104 125 
107 239 74 174 209 85 82 337 154 396 416 377 439 499 373 0 174 114 353 142 451 376 245 241 231 95 335 280 433 117 473 307 440 316 380 118 226 434 389 266 
172 223 88 69 429 499 390 354 94 302 427 149 460 470 487 174 0 270 468 196 241 432 164 425 245 122 454 287 184 116 125 209 246 247 53 205 400 169 92 470 
76 225 198 407 140 233 195 428 93 90 343 420 236 341 292 114 270 0 51 262 252 139 323 466 221 164 203 317 426 129 311 55 263 414 109 454 185 94 84 108 
330 133 406 84 473 259 128 481 185 435 440 362 421 320 388 353 468 51 0 351 370 84 152 126 440 494 203 315 489 256 295 117 263 467 346 447 258 383 423 125 
443 408 196 370 451 444 213 127 179 260 125 243 237 406 83 142 196 262 351 0 74 337 202 226 140 457 409 461 414 457 411 455 200 131 81 67 220 425 175 444 
275 243 243 416 389 311 336 209 405 188 383 406 131 290 309 451 241 252 370 74 0 485 251 394 101 285 456 358 419 261 66 416 178 467 74 333 386 52 170 373 
137 337 149 86 73 261 119 165 408 332 222 389 281 171 304 376 432 139 84 337 485 0 491 110 198 491 455 268 61 244 252 133 103 78 378 194 365 406 350 61 
418 449 115 207 257 272 154 459 142 178 302 429 485 339 208 245 164 323 152 202 251 491 0 271 464 394 238 370 436 371 378 206 356 258 156 82 355 226 196 484 
433 129 50 309 60 140 99 103 124 467 52 396 381 259 167 241 425 466 126 226 394 110 271 0 499 480 327 267 379 387 260 293 177 326 380 114 243 274 121 351 
101 61 386 130 164 87 88 361 227 167 118 242 177 415 498 231 245 221 440 140 101 198 464 499 0 211 204 177 125 463 329 100 153 125 492 250 99 84 484 447 
329 430 331 55 323 147 483 131 159 124 418 480 369 456 96 95 122 164 494 457 285 491 394 480 211 0 194 325 203 306 264 485 96 356 309 401 251 133 153 497 
333 326 469 237 290 224 66 219 54 278 248 359 260 329 224 335 454 203 203 409 456 455 238 327 204 194 0 428 248 265 222 57 391 163 281 184 317 380 475 126 
111 194 87 91 112 126 367 287 313 363 461 329 81 222 106 280 287 317 315 461 358 268 370 267 177 325 428 0 342 87 341 479 338 446 350 358 302 428 107 86 
365 151 131 265 420 482 58 217 300 134 290 87 397 153 254 433 184 426 489 414 419 61 436 379 125 203 248 342 0 215 480 325 371 195 368 235 272 315 437 321 
330 73 269 401 381 106 372 300 88 380 223 338 220 464 375 117 116 129 256 457 261 244 371 387 463 306 265 87 215 0 467 243 340 152 120 190 422 452 334 206 
464 380 252 243 355 359 330 412 231 337 206 317 59 494 488 473 125 311 295 411 66 252 378 260 329 264 222 341 480 467 0 445 490 109 401 124 407 184 479 173 
55 199 102 257 148 407 116 428 74 297 471 230 113 481 431 307 209 55 117 455 416 133 206 293 100 485 57 479 325 243 445 0 408 340 128 496 399 458 228 418 
330 148 253 87 246 160 360 380 391 363 351 121 182 87 258 440 246 263 263 200 178 103 356 177 153 96 391 338 371 340 490 408 0 101 56 315 394 404 306 86 
438 242 201 390 108 60 477 450 373 83 277 54 120 485 200 316 247 414 467 131 467 78 258 326 125 356 163 446 195 152 109 340 101 0 60 399 232 368 69 153 
260 229 159 270 412 108 349 445 335 110 64 75 260 331 272 380 53 109 346 81 74 378 156 380 492 309 281 350 368 120 401 128 56 60 0 399 366 127 384 249 
104 418 325 404 363 367 220 377 392 430 414 164 66 417 430 118 205 454 447 67 333 194 82 114 250 401 184 358 235 190 124 496 315 399 399 0 50 359 325 470 
177 265 325 260 157 255 381 478 271 297 407 95 208 361 492 226 400 185 258 220 386 365 355 243 99 251 317 302 272 422 407 399 394 232 366 50 0 421 130 361 
437 246 234 414 249 347 459 164 414 207 340 70 98 97 240 434 169 94 383 425 52 406 226 274 84 133 380 428 315 452 184 458 404 368 127 359 421 0 137 396 
292 473 335 449 312 355 498 116 94 187 235 346 277 159 104 389 92 84 423 175 170 350 196 121 484 153 475 107 437 334 479 228 306 69 384 325 130 137 0 456 
391 381 274 332 226 257 197 487 146 239 71 68 120 191 125 266 470 108 125 444 373 61 484 351 447 497 126 86 321 206 173 418 86 153 249 470 361 396 456 0 

1211.5 0 16
1211.5 1 2
1211.5 2 16
1211.5 3 2
1211.5 4 11
1211.5 5 2
1211.5 6 18
1211.5 7 8
1211.5 8 5
1211.5 9 1
1211.5 10 8
1211.5 11 7
1211.5 12 21
1211.5 13 36
1211.5 14 30
1211.5 15 8
1211.5 16 29
1211.5 17 18
1211.5 18 9
1211.5 19 28
1211.5 20 38
1211.5 21 16
1211.5 22 33
1211.5 23 8
1211.5 24 28
1211.5 25 14
1211.5 26 21
1211.5 27 13
1211.5 28 31
1211.5 29 3
1211.5 30 36
1211.5 31 36
1211.5 32 4
1211.5 33 2
1211.5 34 28
1211.5 35 16
1211.5 36 4
1211.5 37 7
1211.5 38 12
1211.5 39 37
