40 40 3 78

0.2 0 2
0.2 0 15
0.2 0 18
0.2 0 27
0.2 0 28
0.2 0 38
0.2 1 6
0.2 1 13
0.2 1 14
0.2 1 18
0.2 1 20
0.2 2 28
0.2 2 33
0.2 3 14
0.2 4 5
0.2 4 14
0.2 4 15
0.2 4 17
0.2 4 19
0.2 4 24
0.2 4 32
0.2 4 33
0.2 5 13
0.2 5 15
0.2 5 19
0.2 5 34
0.2 6 8
0.2 6 21
0.2 6 25
0.2 6 26
0.2 6 33
0.2 6 37
0.2 7 12
0.2 7 26
0.2 8 10
0.2 8 11
0.2 8 21
0.2 8 25
0.2 8 34
0.2 8 36
0.2 9 16
0.2 9 22
0.2 10 13
0.2 10 26
0.2 11 27
0.2 11 31
0.2 11 32
0.2 12 23
0.2 12 33
0.2 12 35
0.2 13 20
0.2 14 16
0.2 14 29
0.2 14 35
0.2 15 21
0.2 15 22
0.2 15 27
0.2 16 24
0.2 17 32
0.2 18 36
0.2 19 32
0.2 19 33
0.2 20 23
0.2 20 29
0.2 21 22
0.2 21 26
0.2 21 35
0.2 22 34
0.2 23 29
0.2 23 35
0.2 23 37
0.2 24 34
0.2 24 39
0.2 26 28
0.2 26 36
0.2 29 31
0.2 30 33
0.2 31 33

0 379 231 52 430 54 77 241 424 95 121 450 399 399 209 491 194 324 173 265 211 207 304 277 124 316 464 500 141 279 366 281 92 435 393 362 317 301 482 259 
379 0 473 401 76 257 231 95 159 441 415 243 132 109 70 107 478 417 391 370 62 359 350 53 345 396 72 178 208 240 249 384 196 96 105 466 50 69 450 321 
231 473 0 406 362 422 388 116 217 473 203 90 332 285 422 309 195 265 444 263 340 83 204 372 479 100 263 499 234 306 390 412 169 345 498 179 153 211 159 437 
52 401 406 0 319 289 152 279 58 163 460 62 128 414 161 296 214 327 392 174 329 398 268 297 478 255 126 331 498 370 312 171 420 276 206 180 351 494 220 337 
430 76 362 319 0 251 156 426 340 466 273 166 246 397 352 456 156 128 407 386 129 176 268 362 409 209 81 354 414 154 55 196 342 95 196 319 147 449 332 74 
54 257 422 289 251 0 171 187 189 233 309 406 298 455 314 368 62 132 119 482 182 270 241 427 70 141 306 218 362 490 466 173 293 313 173 397 260 352 408 161 
77 231 388 152 156 171 0 113 60 371 337 436 311 231 266 287 65 113 377 134 99 479 117 212 61 121 149 354 252 123 416 343 262 385 319 118 135 58 284 431 
241 95 116 279 426 187 113 0 447 388 220 175 323 56 434 125 176 203 319 378 151 144 167 263 237 490 183 116 244 67 251 111 403 175 147 84 61 316 356 159 
424 159 217 58 340 189 60 447 0 472 111 453 185 160 352 471 485 310 303 308 299 104 363 217 297 192 113 51 215 351 88 375 374 407 60 390 243 68 438 402 
95 441 473 163 466 233 371 388 472 0 404 331 490 425 100 449 206 61 412 481 443 223 294 222 272 307 110 141 177 325 433 382 143 245 232 401 222 482 146 67 
121 415 203 460 273 309 337 220 111 404 0 185 394 303 386 307 478 460 360 357 182 180 324 319 315 468 98 128 304 468 102 251 360 388 266 77 191 176 128 428 
450 243 90 62 166 406 436 175 453 331 185 0 306 379 149 477 85 493 136 485 449 265 428 371 93 307 411 357 488 272 120 183 263 207 287 415 65 299 498 102 
399 132 332 128 246 298 311 323 185 490 394 306 0 297 118 108 91 327 271 318 207 235 328 440 133 327 389 274 178 208 401 452 301 168 333 483 368 114 469 292 
399 109 285 414 397 455 231 56 160 425 303 379 297 0 208 231 334 397 316 236 258 470 428 86 241 235 88 398 395 272 80 151 217 277 287 137 460 74 388 272 
209 70 422 161 352 314 266 434 352 100 386 149 118 208 0 280 153 479 167 375 212 93 310 318 463 494 310 417 322 466 278 420 182 394 318 180 267 323 378 218 
491 107 309 296 456 368 287 125 471 449 307 477 108 231 280 0 250 471 187 261 331 314 304 263 346 330 195 322 241 92 379 229 237 71 376 116 154 156 83 282 
194 478 195 214 156 62 65 176 485 206 478 85 91 334 153 250 0 131 80 128 143 152 162 203 164 457 262 65 375 373 497 236 403 325 354 195 74 66 137 75 
324 417 265 327 128 132 113 203 310 61 460 493 327 397 479 471 131 0 444 488 193 349 404 387 184 64 116 305 427 288 321 416 98 93 266 319 376 110 319 412 
173 391 444 392 407 119 377 319 303 412 360 136 271 316 167 187 80 444 0 86 171 416 358 57 371 373 228 116 157 283 251 256 443 361 133 252 399 373 201 252 
265 370 263 174 386 482 134 378 308 481 357 485 318 236 375 261 128 488 86 0 227 401 335 233 241 90 447 325 197 248 491 437 340 241 108 80 74 102 68 308 
211 62 340 329 129 182 99 151 299 443 182 449 207 258 212 331 143 193 171 227 0 291 84 314 331 462 317 206 442 421 103 406 210 258 189 359 92 174 344 432 
207 359 83 398 176 270 479 144 104 223 180 265 235 470 93 314 152 349 416 401 291 0 329 91 407 335 57 328 169 391 449 66 459 499 430 403 286 359 166 194 
304 350 204 268 268 241 117 167 363 294 324 428 328 428 310 304 162 404 358 335 84 329 0 367 58 142 160 147 263 395 411 386 432 424 385 88 81 494 491 224 
277 53 372 297 362 427 212 263 217 222 319 371 440 86 318 263 203 387 57 233 314 91 367 0 93 125 87 384 473 362 200 316 477 139 89 293 60 235 97 298 
124 345 479 478 409 70 61 237 297 272 315 93 133 241 463 346 164 184 371 241 331 407 58 93 0 226 136 482 325 266 99 216 382 327 201 460 330 412 488 325 
316 396 100 255 209 141 121 490 192 307 468 307 327 235 494 330 457 64 373 90 462 335 142 125 226 0 407 170 91 364 272 191 122 401 302 388 113 432 263 89 
464 72 263 126 81 306 149 183 113 110 98 411 389 88 310 195 262 116 228 447 317 57 160 87 136 407 0 391 119 90 416 294 477 65 228 57 486 319 283 67 
500 178 499 331 354 218 354 116 51 141 128 357 274 398 417 322 65 305 116 325 206 328 147 384 482 170 391 0 209 90 414 339 427 210 351 469 441 465 69 175 
141 208 234 498 414 362 252 244 215 177 304 488 178 395 322 241 375 427 157 197 442 169 263 473 325 91 119 209 0 161 312 104 384 189 350 93 111 473 236 236 
279 240 306 370 154 490 123 67 351 325 468 272 208 272 466 92 373 288 283 248 421 391 395 362 266 364 90 90 161 0 457 312 289 199 57 326 347 253 210 401 
366 249 390 312 55 466 416 251 88 433 102 120 401 80 278 379 497 321 251 491 103 449 411 200 99 272 416 414 312 457 0 51 428 342 303 476 232 165 160 466 
281 384 412 171 196 173 343 111 375 382 251 183 452 151 420 229 236 416 256 437 406 66 386 316 216 191 294 339 104 312 51 0 426 123 450 405 378 273 425 445 
92 196 169 420 342 293 262 403 374 143 360 263 301 217 182 237 403 98 443 340 210 459 432 477 382 122 477 427 384 289 428 426 0 246 319 498 103 480 366 428 
435 96 345 276 95 313 385 175 407 245 388 207 168 277 394 71 325 93 361 241 258 499 424 139 327 401 65 210 189 199 342 123 246 0 56 154 91 82 269 402 
393 105 498 206 196 173 319 147 60 232 266 287 333 287 318 376 354 266 133 108 189 430 385 89 201 302 228 351 350 57 303 450 319 56 0 84 435 267 351 488 
362 466 179 180 319 397 118 84 390 401 77 415 483 137 180 116 195 319 252 80 359 403 88 293 460 388 57 469 93 326 476 405 498 154 84 0 200 428 197 452 
317 50 153 351 147 260 135 61 243 222 191 65 368 460 267 154 74 376 399 74 92 286 81 60 330 113 486 441 111 347 232 378 103 91 435 200 0 385 384 63 
301 69 211 494 449 352 58 316 68 482 176 299 114 74 323 156 66 110 373 102 174 359 494 235 412 432 319 465 473 253 165 273 480 82 267 428 385 0 134 419 
482 450 159 220 332 408 284 356 438 146 128 498 469 388 378 83 137 319 201 68 344 166 491 97 488 263 283 69 236 210 160 425 366 269 351 197 384 134 0 110 
259 321 437 337 74 161 431 159 402 67 428 102 292 272 218 282 75 412 252 308 432 194 224 298 325 89 67 175 236 401 466 445 428 402 488 452 63 419 110 0 

617.75 0 4
617.75 1 36
617.75 2 6
617.75 3 4
617.75 4 26
617.75 5 36
617.75 6 25
617.75 7 19
617.75 8 14
617.75 9 30
617.75 10 16
617.75 11 10
617.75 12 25
617.75 13 0
617.75 14 29
617.75 15 17
617.75 16 21
617.75 17 26
617.75 18 36
617.75 19 34
617.75 20 4
617.75 21 36
617.75 22 11
617.75 23 20
617.75 24 38
617.75 25 26
617.75 26 8
617.75 27 26
617.75 28 16
617.75 29 25
617.75 30 10
617.75 31 20
617.75 32 12
617.75 33 16
617.75 34 24
617.75 35 38
617.75 36 13
617.75 37 10
617.75 38 7
617.75 39 16
