50 50 3 306

0.25 0 3
0.25 0 6
0.25 0 9
0.25 0 12
0.25 0 22
0.25 0 26
0.25 0 31
0.25 0 36
0.25 0 40
0.25 0 42
0.25 0 46
0.25 1 3
0.25 1 5
0.25 1 9
0.25 1 13
0.25 1 14
0.25 1 15
0.25 1 16
0.25 1 18
0.25 1 19
0.25 1 23
0.25 1 24
0.25 1 34
0.25 1 36
0.25 1 39
0.25 2 4
0.25 2 6
0.25 2 9
0.25 2 14
0.25 2 18
0.25 2 25
0.25 2 29
0.25 2 31
0.25 2 32
0.25 2 40
0.25 2 42
0.25 3 5
0.25 3 7
0.25 3 9
0.25 3 16
0.25 3 19
0.25 3 20
0.25 3 22
0.25 3 25
0.25 3 33
0.25 3 34
0.25 3 37
0.25 3 39
0.25 3 42
0.25 3 43
0.25 4 6
0.25 4 11
0.25 4 14
0.25 4 20
0.25 4 25
0.25 4 30
0.25 4 31
0.25 4 32
0.25 4 33
0.25 4 37
0.25 4 38
0.25 5 6
0.25 5 11
0.25 5 15
0.25 5 38
0.25 5 39
0.25 5 43
0.25 5 46
0.25 5 47
0.25 5 48
0.25 6 7
0.25 6 15
0.25 6 18
0.25 6 20
0.25 6 23
0.25 6 27
0.25 6 35
0.25 6 46
0.25 7 10
0.25 7 11
0.25 7 12
0.25 7 16
0.25 7 17
0.25 7 20
0.25 7 22
0.25 7 23
0.25 7 27
0.25 7 32
0.25 7 33
0.25 7 34
0.25 7 35
0.25 7 37
0.25 7 39
0.25 7 42
0.25 7 44
0.25 7 45
0.25 7 46
0.25 7 48
0.25 7 49
0.25 8 10
0.25 8 11
0.25 8 13
0.25 8 29
0.25 8 35
0.25 8 43
0.25 8 44
0.25 8 48
0.25 8 49
0.25 9 16
0.25 9 17
0.25 9 21
0.25 9 26
0.25 9 31
0.25 9 36
0.25 9 39
0.25 9 44
0.25 9 45
0.25 9 49
0.25 10 13
0.25 10 26
0.25 10 29
0.25 10 36
0.25 10 37
0.25 10 42
0.25 10 43
0.25 10 45
0.25 11 16
0.25 11 20
0.25 11 26
0.25 11 31
0.25 11 32
0.25 11 39
0.25 11 42
0.25 11 44
0.25 11 47
0.25 11 49
0.25 12 16
0.25 12 22
0.25 12 23
0.25 12 36
0.25 12 37
0.25 12 41
0.25 12 43
0.25 13 17
0.25 13 24
0.25 13 25
0.25 13 27
0.25 13 32
0.25 13 37
0.25 13 38
0.25 13 46
0.25 13 49
0.25 14 19
0.25 14 23
0.25 14 24
0.25 14 25
0.25 14 32
0.25 14 33
0.25 14 34
0.25 14 41
0.25 14 43
0.25 15 16
0.25 15 21
0.25 15 22
0.25 15 26
0.25 15 27
0.25 15 28
0.25 15 29
0.25 15 38
0.25 15 41
0.25 15 44
0.25 15 45
0.25 16 17
0.25 16 20
0.25 16 21
0.25 16 24
0.25 16 25
0.25 16 27
0.25 16 30
0.25 16 32
0.25 16 33
0.25 16 34
0.25 16 48
0.25 17 19
0.25 17 28
0.25 17 30
0.25 17 33
0.25 17 36
0.25 17 39
0.25 17 41
0.25 17 42
0.25 17 44
0.25 17 46
0.25 18 24
0.25 18 29
0.25 18 32
0.25 18 33
0.25 18 39
0.25 18 41
0.25 18 43
0.25 19 20
0.25 19 25
0.25 19 28
0.25 19 29
0.25 19 34
0.25 19 40
0.25 19 42
0.25 19 43
0.25 19 46
0.25 19 47
0.25 20 21
0.25 20 27
0.25 20 32
0.25 20 34
0.25 20 38
0.25 20 40
0.25 20 41
0.25 20 42
0.25 20 43
0.25 20 44
0.25 20 45
0.25 20 49
0.25 21 29
0.25 21 38
0.25 21 43
0.25 22 25
0.25 22 28
0.25 22 32
0.25 22 36
0.25 22 37
0.25 22 40
0.25 22 43
0.25 23 24
0.25 23 25
0.25 23 27
0.25 23 30
0.25 23 36
0.25 23 37
0.25 23 38
0.25 23 45
0.25 23 47
0.25 24 26
0.25 24 27
0.25 24 31
0.25 24 37
0.25 24 39
0.25 24 43
0.25 24 46
0.25 25 28
0.25 25 39
0.25 25 40
0.25 25 48
0.25 26 39
0.25 26 43
0.25 27 32
0.25 27 35
0.25 27 36
0.25 27 40
0.25 27 41
0.25 27 43
0.25 27 47
0.25 27 49
0.25 28 29
0.25 28 33
0.25 28 40
0.25 28 42
0.25 29 35
0.25 29 41
0.25 29 44
0.25 30 31
0.25 30 35
0.25 30 42
0.25 30 49
0.25 31 41
0.25 31 42
0.25 31 46
0.25 32 35
0.25 32 39
0.25 32 43
0.25 32 46
0.25 32 48
0.25 33 39
0.25 33 43
0.25 33 44
0.25 33 46
0.25 34 35
0.25 34 37
0.25 34 46
0.25 34 49
0.25 35 43
0.25 35 44
0.25 35 46
0.25 36 38
0.25 36 40
0.25 37 38
0.25 37 39
0.25 37 43
0.25 37 44
0.25 38 48
0.25 39 41
0.25 40 42
0.25 42 45
0.25 43 45
0.25 45 46
0.25 45 49
0.25 46 49

0 173 70 53 344 92 247 500 328 192 107 468 393 384 139 417 144 396 159 369 500 369 267 244 143 476 203 374 156 125 230 440 355 333 121 390 120 358 254 496 210 342 209 263 210 81 435 374 336 176 
173 0 468 443 192 172 149 318 465 53 340 70 73 335 249 468 257 422 119 317 121 276 464 362 485 252 440 108 118 221 287 183 420 377 424 155 459 447 477 303 115 458 159 183 339 428 443 464 404 486 
70 468 0 185 271 245 79 455 334 325 493 348 425 451 214 393 89 251 102 159 379 273 453 278 416 403 245 499 316 334 314 491 120 255 211 364 380 123 268 211 74 121 183 93 249 172 439 88 460 443 
53 443 185 0 188 113 201 65 451 413 136 91 425 265 105 377 343 273 461 132 100 55 500 137 413 138 167 426 222 231 157 253 314 493 301 366 334 147 265 459 172 376 268 295 317 185 340 393 307 209 
344 192 271 188 0 316 183 164 485 191 491 104 193 223 131 107 421 479 456 313 439 83 155 74 455 174 162 162 442 496 327 291 210 471 433 460 313 217 286 464 293 248 444 50 217 365 328 183 180 251 
92 172 245 113 316 0 96 54 301 123 382 68 323 403 135 227 352 184 314 72 150 139 106 470 410 296 463 409 375 357 495 318 388 230 433 60 341 319 415 311 357 235 317 199 216 329 171 171 93 105 
247 149 79 201 183 96 0 124 210 292 182 375 498 171 449 84 180 63 467 252 313 261 95 352 418 394 349 121 428 159 153 455 268 303 476 223 372 150 55 192 305 422 384 80 202 461 352 395 405 459 
500 318 455 65 164 54 124 0 183 386 246 54 435 66 361 78 55 264 203 433 371 149 320 418 303 268 364 114 123 438 183 394 310 272 147 57 413 108 177 356 101 314 220 182 285 124 227 419 243 304 
328 465 334 451 485 301 210 183 0 394 200 260 415 126 266 400 300 290 292 204 474 173 206 157 153 487 121 75 243 438 154 207 95 469 441 147 290 420 163 334 420 169 142 220 321 107 314 154 368 271 
192 53 325 413 191 123 292 386 394 0 344 382 391 399 373 193 248 206 101 420 447 178 316 118 279 65 438 233 336 86 297 315 289 215 151 462 64 61 497 369 115 219 189 382 181 495 149 211 485 211 
107 340 493 136 491 382 182 246 200 344 0 422 492 121 260 200 479 414 368 295 53 479 188 137 81 387 489 76 401 267 327 397 206 57 98 88 490 103 257 150 204 363 378 456 189 327 87 328 179 189 
468 70 348 91 104 68 375 54 260 382 422 0 461 168 295 173 379 413 272 431 120 172 432 317 241 441 367 374 307 180 397 485 286 175 381 150 53 440 455 256 464 204 68 113 330 107 447 201 331 334 
393 73 425 425 193 323 498 435 415 391 492 461 0 453 370 270 458 182 55 308 315 249 295 118 59 182 87 304 361 372 63 211 207 244 82 243 391 84 393 472 328 356 293 126 197 280 247 324 51 408 
384 335 451 265 223 403 171 66 126 399 121 168 453 0 194 98 273 218 226 160 76 357 193 243 50 60 463 354 134 168 458 166 323 234 325 193 395 185 233 126 291 353 495 259 196 447 488 173 391 291 
139 249 214 105 131 135 449 361 266 373 260 295 370 194 0 451 455 363 167 256 436 430 221 373 92 243 353 67 89 438 476 442 227 225 297 370 205 249 393 183 408 335 326 489 335 498 220 334 113 438 
417 468 393 377 107 227 84 78 400 193 200 173 270 98 451 0 359 276 184 360 398 187 141 370 428 492 310 499 441 439 388 393 99 277 282 56 289 492 317 309 96 428 368 401 178 149 194 436 392 264 
144 257 89 343 421 352 180 55 300 248 479 379 458 273 455 359 0 181 183 327 339 213 160 62 365 289 105 220 144 459 395 54 83 416 398 170 70 130 227 357 359 166 156 172 398 195 396 196 359 315 
396 422 251 273 479 184 63 264 290 206 414 413 182 218 363 276 181 0 146 211 214 242 320 285 367 481 500 105 393 477 414 92 476 494 270 406 316 341 88 104 435 70 285 468 231 406 475 410 141 349 
159 119 102 461 456 314 467 203 292 101 368 272 55 226 167 184 183 146 0 380 149 264 471 392 64 232 442 461 459 380 346 63 112 123 314 202 132 190 423 397 90 118 425 386 207 385 313 243 174 251 
369 317 159 132 313 72 252 433 204 420 295 431 308 160 256 360 327 211 380 0 271 187 288 407 388 299 116 279 142 102 127 106 139 267 478 191 103 270 152 338 343 98 71 118 118 233 220 472 423 176 
500 121 379 100 439 150 313 371 474 447 53 120 315 76 436 398 339 214 149 271 0 188 298 423 191 238 449 365 319 370 500 376 351 325 329 420 251 232 476 262 329 208 352 398 260 62 377 69 83 370 
369 276 273 55 83 139 261 149 173 178 479 172 249 357 430 187 213 242 264 187 188 0 142 187 464 481 433 272 63 94 398 62 332 373 195 161 238 424 220 381 431 427 324 273 72 193 52 377 58 186 
267 464 453 500 155 106 95 320 206 316 188 432 295 193 221 141 160 320 471 288 298 142 0 306 467 433 111 485 102 194 203 211 300 353 71 344 386 495 338 445 491 398 393 198 84 437 79 148 406 111 
244 362 278 137 74 470 352 418 157 118 137 317 118 243 373 370 62 285 392 407 423 187 306 0 60 102 430 306 97 188 93 79 136 175 64 82 199 196 74 269 425 411 245 303 496 91 484 113 92 132 
143 485 416 413 455 410 418 303 153 279 81 241 59 50 92 428 365 367 64 388 191 464 467 60 0 104 372 338 378 107 298 313 351 338 253 228 434 400 422 118 122 308 304 310 500 153 316 118 103 458 
476 252 403 138 174 296 394 268 487 65 387 441 182 60 243 492 289 481 232 299 238 481 433 102 104 0 116 433 80 453 98 459 466 480 447 156 391 219 381 76 106 125 426 301 286 182 202 374 216 327 
203 440 245 167 162 463 349 364 121 438 489 367 87 463 353 310 105 500 442 116 449 433 111 430 372 116 0 445 81 443 357 334 176 108 163 126 77 231 482 495 235 406 324 55 414 148 340 437 497 346 
374 108 499 426 162 409 121 114 75 233 76 374 304 354 67 499 220 105 461 279 365 272 485 306 338 433 445 0 390 191 250 376 226 218 117 242 68 91 452 277 435 253 206 274 441 451 163 463 178 169 
156 118 316 222 442 375 428 123 243 336 401 307 361 134 89 441 144 393 459 142 319 63 102 97 378 80 81 390 0 483 247 416 381 148 312 489 258 236 485 395 433 351 272 252 370 67 139 310 356 362 
125 221 334 231 496 357 159 438 438 86 267 180 372 168 438 439 459 477 380 102 370 94 194 188 107 453 443 191 483 0 498 287 413 364 93 55 477 98 400 183 432 208 279 189 493 241 183 54 247 207 
230 287 314 157 327 495 153 183 154 297 327 397 63 458 476 388 395 414 346 127 500 398 203 93 298 98 357 250 247 498 0 130 306 366 63 172 225 251 301 442 151 116 240 323 201 202 162 76 152 396 
440 183 491 253 291 318 455 394 207 315 397 485 211 166 442 393 54 92 63 106 376 62 211 79 313 459 334 376 416 287 130 0 442 431 383 135 84 93 238 390 142 399 431 465 79 305 73 391 398 489 
355 420 120 314 210 388 268 310 95 289 206 286 207 323 227 99 83 476 112 139 351 332 300 136 351 466 176 226 381 413 306 442 0 240 223 161 191 251 132 192 253 372 388 79 331 168 126 469 150 400 
333 377 255 493 471 230 303 272 469 215 57 175 244 234 225 277 416 494 123 267 325 373 353 175 338 480 108 218 148 364 366 431 240 0 431 242 311 324 275 360 382 187 129 366 157 324 100 321 318 95 
121 424 211 301 433 433 476 147 441 151 98 381 82 325 297 282 398 270 314 478 329 195 71 64 253 447 163 117 312 93 63 383 223 431 0 451 368 397 453 104 472 274 406 466 102 196 119 283 411 404 
390 155 364 366 460 60 223 57 147 462 88 150 243 193 370 56 170 406 202 191 420 161 344 82 228 156 126 242 489 55 172 135 161 242 451 0 454 419 368 155 496 327 87 286 254 484 160 358 487 150 
120 459 380 334 313 341 372 413 290 64 490 53 391 395 205 289 70 316 132 103 251 238 386 199 434 391 77 68 258 477 225 84 191 311 368 454 0 349 189 377 238 129 153 271 79 360 428 443 361 150 
358 447 123 147 217 319 150 108 420 61 103 440 84 185 249 492 130 341 190 270 232 424 495 196 400 219 231 91 236 98 251 93 251 324 397 419 349 0 215 246 276 403 496 496 461 156 177 178 71 362 
254 477 268 265 286 415 55 177 163 497 257 455 393 233 393 317 227 88 423 152 476 220 338 74 422 381 482 452 485 400 301 238 132 275 453 368 189 215 0 217 303 347 465 418 490 314 337 484 436 404 
496 303 211 459 464 311 192 356 334 369 150 256 472 126 183 309 357 104 397 338 262 381 445 269 118 76 495 277 395 183 442 390 192 360 104 155 377 246 217 0 157 248 245 442 350 417 242 303 229 127 
210 115 74 172 293 357 305 101 420 115 204 464 328 291 408 96 359 435 90 343 329 431 491 425 122 106 235 435 433 432 151 142 253 382 472 496 238 276 303 157 0 328 184 133 141 150 276 95 263 72 
342 458 121 376 248 235 422 314 169 219 363 204 356 353 335 428 166 70 118 98 208 427 398 411 308 125 406 253 351 208 116 399 372 187 274 327 129 403 347 248 328 0 342 373 385 347 374 311 115 299 
209 159 183 268 444 317 384 220 142 189 378 68 293 495 326 368 156 285 425 71 352 324 393 245 304 426 324 206 272 279 240 431 388 129 406 87 153 496 465 245 184 342 0 261 387 230 188 454 266 167 
263 183 93 295 50 199 80 182 220 382 456 113 126 259 489 401 172 468 386 118 398 273 198 303 310 301 55 274 252 189 323 465 79 366 466 286 271 496 418 442 133 373 261 0 495 137 230 125 264 186 
210 339 249 317 217 216 202 285 321 181 189 330 197 196 335 178 398 231 207 118 260 72 84 496 500 286 414 441 370 493 201 79 331 157 102 254 79 461 490 350 141 385 387 495 0 293 118 434 212 296 
81 428 172 185 365 329 461 124 107 495 327 107 280 447 498 149 195 406 385 233 62 193 437 91 153 182 148 451 67 241 202 305 168 324 196 484 360 156 314 417 150 347 230 137 293 0 114 495 329 105 
435 443 439 340 328 171 352 227 314 149 87 447 247 488 220 194 396 475 313 220 377 52 79 484 316 202 340 163 139 183 162 73 126 100 119 160 428 177 337 242 276 374 188 230 118 114 0 267 155 401 
374 464 88 393 183 171 395 419 154 211 328 201 324 173 334 436 196 410 243 472 69 377 148 113 118 374 437 463 310 54 76 391 469 321 283 358 443 178 484 303 95 311 454 125 434 495 267 0 70 111 
336 404 460 307 180 93 405 243 368 485 179 331 51 391 113 392 359 141 174 423 83 58 406 92 103 216 497 178 356 247 152 398 150 318 411 487 361 71 436 229 263 115 266 264 212 329 155 70 0 404 
176 486 443 209 251 105 459 304 271 211 189 334 408 291 438 264 315 349 251 176 370 186 111 132 458 327 346 169 362 207 396 489 400 95 404 150 150 362 404 127 72 299 167 186 296 105 401 111 404 0 

995.61 0 46
995.61 1 19
995.61 2 13
995.61 3 25
995.61 4 27
995.61 5 23
995.61 6 26
995.61 7 27
995.61 8 46
995.61 9 7
995.61 10 36
995.61 11 35
995.61 12 31
995.61 13 45
995.61 14 3
995.61 15 4
995.61 16 20
995.61 17 6
995.61 18 8
995.61 19 28
995.61 20 10
995.61 21 1
995.61 22 17
995.61 23 14
995.61 24 34
995.61 25 8
995.61 26 21
995.61 27 40
995.61 28 41
995.61 29 34
995.61 30 32
995.61 31 38
995.61 32 9
995.61 33 45
995.61 34 20
995.61 35 36
995.61 36 19
995.61 37 2
995.61 38 14
995.61 39 22
995.61 40 9
995.61 41 7
995.61 42 8
995.61 43 40
995.61 44 8
995.61 45 16
995.61 46 44
995.61 47 28
995.61 48 27
995.61 49 8
