30 30 3 108

0.25 0 2
0.25 0 4
0.25 0 5
0.25 0 12
0.25 0 16
0.25 0 18
0.25 0 21
0.25 0 23
0.25 0 24
0.25 1 4
0.25 1 5
0.25 1 7
0.25 1 22
0.25 1 26
0.25 2 4
0.25 2 6
0.25 2 11
0.25 2 12
0.25 2 13
0.25 2 16
0.25 2 21
0.25 2 23
0.25 2 26
0.25 2 27
0.25 3 5
0.25 3 9
0.25 3 17
0.25 3 19
0.25 3 20
0.25 3 21
0.25 3 29
0.25 4 8
0.25 4 10
0.25 4 18
0.25 4 19
0.25 4 21
0.25 4 28
0.25 5 6
0.25 5 15
0.25 5 19
0.25 5 24
0.25 5 25
0.25 5 27
0.25 6 7
0.25 6 16
0.25 6 29
0.25 7 9
0.25 7 10
0.25 7 13
0.25 7 17
0.25 7 19
0.25 7 26
0.25 7 27
0.25 8 15
0.25 8 19
0.25 8 22
0.25 8 24
0.25 8 27
0.25 8 28
0.25 9 13
0.25 9 21
0.25 9 24
0.25 9 27
0.25 10 18
0.25 10 24
0.25 10 25
0.25 11 19
0.25 11 23
0.25 12 14
0.25 12 28
0.25 13 15
0.25 13 16
0.25 13 19
0.25 13 22
0.25 14 22
0.25 14 25
0.25 14 26
0.25 15 17
0.25 15 21
0.25 15 22
0.25 15 27
0.25 16 19
0.25 17 20
0.25 17 22
0.25 17 25
0.25 18 20
0.25 18 21
0.25 18 22
0.25 18 24
0.25 18 27
0.25 18 29
0.25 19 21
0.25 19 23
0.25 19 27
0.25 19 28
0.25 20 22
0.25 20 24
0.25 21 22
0.25 22 26
0.25 22 29
0.25 23 26
0.25 23 27
0.25 23 29
0.25 24 25
0.25 25 29
0.25 26 29
0.25 27 28
0.25 28 29

0 353 109 392 202 68 169 120 180 57 106 345 224 292 486 262 334 470 494 176 387 279 256 424 237 291 415 388 325 55 
353 0 288 148 407 114 270 87 303 489 262 91 412 277 214 278 247 236 290 293 375 190 482 423 427 51 455 303 184 217 
109 288 0 118 102 325 351 247 201 329 253 224 442 112 229 340 224 439 420 99 159 271 350 209 470 266 300 113 189 66 
392 148 118 0 368 467 247 109 239 316 408 107 52 218 493 365 255 334 417 495 162 474 417 339 168 61 338 328 446 86 
202 407 102 368 0 227 223 166 118 356 460 221 227 122 118 276 426 463 112 401 124 88 142 289 397 332 251 138 279 107 
68 114 325 467 227 0 439 219 440 104 426 477 298 348 426 117 216 55 478 215 231 236 236 120 64 82 417 479 442 205 
169 270 351 247 223 439 0 263 130 380 346 259 313 143 216 183 323 223 55 157 139 458 234 178 163 403 335 282 266 482 
120 87 247 109 166 219 263 0 423 387 79 410 107 128 480 200 107 162 121 239 424 112 211 171 284 275 253 388 313 336 
180 303 201 239 118 440 130 423 0 277 219 301 184 192 367 396 383 402 158 210 66 117 473 492 438 459 182 72 286 353 
57 489 329 316 356 104 380 387 277 0 299 198 89 185 426 481 59 410 69 404 303 54 447 384 292 372 346 239 244 247 
106 262 253 408 460 426 346 79 219 299 0 247 163 302 414 294 181 162 250 58 211 113 197 359 444 393 291 60 301 148 
345 91 224 107 221 477 259 410 301 198 247 0 397 456 371 474 64 131 366 489 149 210 369 97 276 112 422 357 381 139 
224 412 442 52 227 298 313 107 184 89 163 397 0 112 238 379 423 288 478 398 185 135 217 56 80 142 249 442 473 197 
292 277 112 218 122 348 143 128 192 185 302 456 112 0 471 185 51 297 349 259 210 429 170 451 270 55 65 400 490 155 
486 214 229 493 118 426 216 480 367 426 414 371 238 471 0 483 252 320 336 278 405 322 407 283 160 102 136 409 391 470 
262 278 340 365 276 117 183 200 396 481 294 474 379 185 483 0 393 329 214 318 180 209 404 447 408 79 327 439 85 376 
334 247 224 255 426 216 323 107 383 59 181 64 423 51 252 393 0 495 288 382 318 159 128 368 261 54 164 321 188 145 
470 236 439 334 463 55 223 162 402 410 162 131 288 297 320 329 495 0 376 96 119 412 225 255 251 252 198 157 290 116 
494 290 420 417 112 478 55 121 158 69 250 366 478 349 336 214 288 376 0 51 287 339 471 149 266 62 420 454 444 411 
176 293 99 495 401 215 157 239 210 404 58 489 398 259 278 318 382 96 51 0 56 383 339 64 308 84 170 407 126 283 
387 375 159 162 124 231 139 424 66 303 211 149 185 210 405 180 318 119 287 56 0 214 495 123 464 473 458 435 317 357 
279 190 271 474 88 236 458 112 117 54 113 210 135 429 322 209 159 412 339 383 214 0 181 317 423 379 205 118 101 111 
256 482 350 417 142 236 234 211 473 447 197 369 217 170 407 404 128 225 471 339 495 181 0 392 90 443 381 312 80 359 
424 423 209 339 289 120 178 171 492 384 359 97 56 451 283 447 368 255 149 64 123 317 392 0 167 440 209 354 224 173 
237 427 470 168 397 64 163 284 438 292 444 276 80 270 160 408 261 251 266 308 464 423 90 167 0 129 424 445 242 369 
291 51 266 61 332 82 403 275 459 372 393 112 142 55 102 79 54 252 62 84 473 379 443 440 129 0 415 269 355 145 
415 455 300 338 251 417 335 253 182 346 291 422 249 65 136 327 164 198 420 170 458 205 381 209 424 415 0 265 242 103 
388 303 113 328 138 479 282 388 72 239 60 357 442 400 409 439 321 157 454 407 435 118 312 354 445 269 265 0 302 110 
325 184 189 446 279 442 266 313 286 244 301 381 473 490 391 85 188 290 444 126 317 101 80 224 242 355 242 302 0 206 
55 217 66 86 107 205 482 336 353 247 148 139 197 155 470 376 145 116 411 283 357 111 359 173 369 145 103 110 206 0 

611.49 0 27
611.49 1 12
611.49 2 1
611.49 3 8
611.49 4 6
611.49 5 4
611.49 6 12
611.49 7 15
611.49 8 10
611.49 9 3
611.49 10 6
611.49 11 24
611.49 12 20
611.49 13 21
611.49 14 2
611.49 15 8
611.49 16 28
611.49 17 3
611.49 18 15
611.49 19 7
611.49 20 2
611.49 21 22
611.49 22 21
611.49 23 5
611.49 24 2
611.49 25 11
611.49 26 14
611.49 27 25
611.49 28 17
611.49 29 26
