30 30 3 43

0.4 0 29
0.4 1 5
0.4 1 6
0.4 1 11
0.4 1 14
0.4 1 22
0.4 1 26
0.4 1 27
0.4 2 15
0.4 2 18
0.4 3 8
0.4 3 13
0.4 3 29
0.4 4 25
0.4 5 11
0.4 5 19
0.4 5 20
0.4 6 13
0.4 6 17
0.4 7 12
0.4 8 24
0.4 8 25
0.4 8 28
0.4 9 14
0.4 10 28
0.4 11 12
0.4 11 17
0.4 11 18
0.4 11 23
0.4 11 29
0.4 12 29
0.4 14 23
0.4 15 19
0.4 15 23
0.4 16 17
0.4 17 19
0.4 17 28
0.4 19 27
0.4 21 27
0.4 24 25
0.4 24 28
0.4 25 26
0.4 27 29

0 199 362 83 71 175 96 277 334 448 468 372 101 168 153 213 183 235 406 315 160 311 97 350 494 64 211 272 142 98 
199 0 306 238 215 175 322 193 230 50 248 295 495 397 239 222 241 298 183 418 197 468 334 94 274 253 129 289 365 311 
362 306 0 88 143 248 299 448 191 200 372 383 53 405 423 160 156 463 194 272 187 193 238 226 110 125 348 316 113 265 
83 238 88 0 247 312 182 302 239 90 266 291 459 416 219 482 372 423 438 327 257 273 477 494 279 278 191 267 223 191 
71 215 143 247 0 302 219 149 91 247 136 129 85 469 286 340 163 344 498 81 125 163 383 200 139 170 379 64 344 382 
175 175 248 312 302 0 393 364 203 82 297 319 457 475 426 56 82 225 233 317 79 419 474 311 341 321 92 234 108 328 
96 322 299 182 219 393 0 213 272 216 366 188 491 111 271 142 365 65 447 118 224 368 436 494 455 274 205 102 489 120 
277 193 448 302 149 364 213 0 486 201 120 74 251 489 281 462 89 62 349 120 356 454 249 169 160 370 339 119 110 225 
334 230 191 239 91 203 272 486 0 100 440 116 365 103 185 232 303 407 164 445 157 132 289 90 397 94 374 375 123 387 
448 50 200 90 247 82 216 201 100 0 69 341 90 357 436 324 145 95 391 409 194 216 259 297 499 91 433 432 222 108 
468 248 372 266 136 297 366 120 440 69 0 53 425 127 72 280 224 292 222 163 98 233 60 209 336 355 215 161 162 492 
372 295 383 291 129 319 188 74 116 341 53 0 319 100 142 427 445 333 186 256 365 449 257 486 390 184 194 287 192 216 
101 495 53 459 85 457 491 251 365 90 425 319 0 192 426 377 374 422 467 440 459 119 159 480 198 138 414 477 304 488 
168 397 405 416 469 475 111 489 103 357 127 100 192 0 480 343 72 134 74 69 222 370 490 91 353 309 84 485 300 361 
153 239 423 219 286 426 271 281 185 436 72 142 426 480 0 53 370 93 128 145 343 205 126 215 139 50 239 219 59 358 
213 222 160 482 340 56 142 462 232 324 280 427 377 343 53 0 353 311 264 133 285 194 77 416 317 485 211 191 90 291 
183 241 156 372 163 82 365 89 303 145 224 445 374 72 370 353 0 81 243 213 253 155 358 291 394 308 389 385 276 367 
235 298 463 423 344 225 65 62 407 95 292 333 422 134 93 311 81 0 50 142 367 135 286 454 143 92 129 339 250 123 
406 183 194 438 498 233 447 349 164 391 222 186 467 74 128 264 243 50 0 73 109 500 366 381 476 130 299 225 466 87 
315 418 272 327 81 317 118 120 445 409 163 256 440 69 145 133 213 142 73 0 324 470 280 57 135 212 405 123 417 143 
160 197 187 257 125 79 224 356 157 194 98 365 459 222 343 285 253 367 109 324 0 280 469 417 122 395 129 500 134 323 
311 468 193 273 163 419 368 454 132 216 233 449 119 370 205 194 155 135 500 470 280 0 314 490 274 220 283 320 61 52 
97 334 238 477 383 474 436 249 289 259 60 257 159 490 126 77 358 286 366 280 469 314 0 497 300 236 212 409 348 266 
350 94 226 494 200 311 494 169 90 297 209 486 480 91 215 416 291 454 381 57 417 490 497 0 244 495 171 54 208 407 
494 274 110 279 139 341 455 160 397 499 336 390 198 353 139 317 394 143 476 135 122 274 300 244 0 69 363 224 60 63 
64 253 125 278 170 321 274 370 94 91 355 184 138 309 50 485 308 92 130 212 395 220 236 495 69 0 130 488 168 321 
211 129 348 191 379 92 205 339 374 433 215 194 414 84 239 211 389 129 299 405 129 283 212 171 363 130 0 494 116 321 
272 289 316 267 64 234 102 119 375 432 161 287 477 485 219 191 385 339 225 123 500 320 409 54 224 488 494 0 272 281 
142 365 113 223 344 108 489 110 123 222 162 192 304 300 59 90 276 250 466 417 134 61 348 208 60 168 116 272 0 195 
98 311 265 191 382 328 120 225 387 108 492 216 488 361 358 291 367 123 87 143 323 52 266 407 63 321 321 281 195 0 

935 0 4
935 1 23
935 2 12
935 3 14
935 4 28
935 5 2
935 6 1
935 7 16
935 8 7
935 9 5
935 10 11
935 11 12
935 12 15
935 13 24
935 14 27
935 15 12
935 16 20
935 17 0
935 18 2
935 19 4
935 20 18
935 21 10
935 22 9
935 23 15
935 24 22
935 25 14
935 26 10
935 27 18
935 28 2
935 29 15
