40 40 3 78

0.2 0 4
0.2 0 7
0.2 0 11
0.2 0 16
0.2 0 17
0.2 0 32
0.2 1 2
0.2 1 15
0.2 1 16
0.2 1 27
0.2 2 9
0.2 2 11
0.2 2 33
0.2 3 24
0.2 3 29
0.2 4 7
0.2 4 21
0.2 4 24
0.2 4 29
0.2 4 31
0.2 5 24
0.2 5 27
0.2 5 32
0.2 6 17
0.2 6 21
0.2 6 24
0.2 6 35
0.2 7 11
0.2 7 13
0.2 8 9
0.2 8 27
0.2 8 34
0.2 9 32
0.2 9 39
0.2 10 13
0.2 11 13
0.2 11 20
0.2 11 21
0.2 11 25
0.2 11 29
0.2 12 13
0.2 12 17
0.2 12 20
0.2 13 30
0.2 13 36
0.2 14 22
0.2 14 28
0.2 14 30
0.2 15 22
0.2 15 32
0.2 15 35
0.2 16 20
0.2 16 26
0.2 16 28
0.2 16 29
0.2 17 27
0.2 17 39
0.2 18 20
0.2 18 30
0.2 18 31
0.2 18 32
0.2 18 33
0.2 18 36
0.2 19 26
0.2 19 30
0.2 20 30
0.2 21 34
0.2 21 36
0.2 22 38
0.2 23 31
0.2 24 34
0.2 25 26
0.2 25 29
0.2 26 33
0.2 28 29
0.2 28 33
0.2 31 32
0.2 31 36

0 418 372 131 422 72 132 458 100 327 499 156 450 405 231 430 355 389 358 357 471 483 159 222 367 141 414 394 450 483 356 185 272 205 97 189 373 94 227 417 
418 0 197 209 291 350 225 168 243 228 266 105 489 133 91 488 446 344 346 401 491 228 297 295 312 128 204 489 386 189 279 443 265 367 189 158 211 388 237 496 
372 197 0 402 242 401 336 171 71 271 126 250 70 198 168 54 406 467 136 486 50 437 247 351 490 488 482 355 262 427 316 196 329 267 364 51 246 81 476 158 
131 209 402 0 143 440 73 203 469 275 334 304 427 372 445 132 396 227 414 231 236 316 219 66 56 323 475 425 350 433 495 207 429 321 109 72 166 318 118 338 
422 291 242 143 0 218 184 264 114 77 289 156 263 68 497 148 113 442 201 486 446 274 158 122 183 418 492 295 279 74 205 194 409 460 457 118 334 229 495 261 
72 350 401 440 218 0 189 194 425 500 468 199 304 151 461 344 106 66 366 287 500 216 458 344 275 494 345 475 457 395 248 108 387 62 488 223 140 310 426 362 
132 225 336 73 184 189 0 198 306 331 229 325 427 213 150 281 148 214 120 445 308 409 470 467 230 436 322 128 411 282 275 161 296 111 176 457 414 417 182 455 
458 168 171 203 264 194 198 0 480 428 453 331 94 125 242 226 73 168 247 263 363 161 464 248 54 284 326 483 203 303 307 419 84 173 461 86 255 283 257 95 
100 243 71 469 114 425 306 480 0 195 135 264 438 257 238 362 206 379 90 384 143 116 370 304 203 61 88 205 458 107 236 365 458 361 222 417 274 151 207 288 
327 228 271 275 77 500 331 428 195 0 106 456 328 269 77 382 340 95 266 316 467 446 240 332 475 425 351 326 385 192 77 347 142 54 228 188 342 185 167 359 
499 266 126 334 289 468 229 453 135 106 0 343 299 81 455 390 468 57 455 216 453 121 202 495 355 497 243 84 488 212 120 203 444 479 262 298 72 308 422 472 
156 105 250 304 156 199 325 331 264 456 343 0 203 60 492 193 440 71 500 334 170 293 98 257 219 194 81 478 441 65 134 191 355 102 244 421 148 451 58 258 
450 489 70 427 263 304 427 94 438 328 299 203 0 131 210 138 51 390 366 95 80 437 383 50 96 407 286 151 89 283 446 187 486 302 231 428 348 114 497 465 
405 133 198 372 68 151 213 125 257 269 81 60 131 0 255 158 460 372 418 280 109 121 225 360 199 433 234 122 69 199 342 148 91 316 261 222 342 55 411 311 
231 91 168 445 497 461 150 242 238 77 455 492 210 255 0 225 149 453 144 387 362 480 322 215 392 406 92 328 475 212 367 484 338 297 298 111 62 75 128 226 
430 488 54 132 148 344 281 226 362 382 390 193 138 158 225 0 463 451 209 388 261 138 306 227 51 109 418 101 66 322 144 260 245 293 83 375 319 279 220 68 
355 446 406 396 113 106 148 73 206 340 468 440 51 460 149 463 0 73 384 194 301 327 133 79 209 408 437 361 170 218 53 450 491 103 425 55 142 459 405 318 
389 344 467 227 442 66 214 168 379 95 57 71 390 372 453 451 73 0 321 87 149 287 189 84 224 467 444 321 96 393 395 243 81 352 190 320 222 145 427 471 
358 346 136 414 201 366 120 247 90 266 455 500 366 418 144 209 384 321 0 461 206 451 372 173 496 279 324 492 101 95 312 154 349 458 241 415 248 380 470 359 
357 401 486 231 486 287 445 263 384 316 216 334 95 280 387 388 194 87 461 0 64 176 79 232 417 210 126 403 428 94 396 261 459 186 127 472 125 490 400 343 
471 491 50 236 446 500 308 363 143 467 453 170 80 109 362 261 301 149 206 64 0 461 468 339 431 165 105 238 163 439 440 139 377 452 52 94 215 119 133 329 
483 228 437 316 274 216 409 161 116 446 121 293 437 121 480 138 327 287 451 176 461 0 165 56 111 170 383 184 372 146 113 94 149 202 90 454 246 468 262 460 
159 297 247 219 158 458 470 464 370 240 202 98 383 225 322 306 133 189 372 79 468 165 0 407 338 211 484 102 175 229 91 80 245 155 259 223 120 495 348 114 
222 295 351 66 122 344 467 248 304 332 495 257 50 360 215 227 79 84 173 232 339 56 407 0 364 81 71 61 66 309 292 387 470 143 275 483 395 142 57 305 
367 312 490 56 183 275 230 54 203 475 355 219 96 199 392 51 209 224 496 417 431 111 338 364 0 100 368 260 316 224 292 336 436 426 89 286 325 300 88 494 
141 128 488 323 418 494 436 284 61 425 497 194 407 433 406 109 408 467 279 210 165 170 211 81 100 0 193 157 66 110 350 322 67 66 252 499 268 289 341 73 
414 204 482 475 492 345 322 326 88 351 243 81 286 234 92 418 437 444 324 126 105 383 484 71 368 193 0 394 325 325 222 443 412 500 232 289 138 451 319 462 
394 489 355 425 295 475 128 483 205 326 84 478 151 122 328 101 361 321 492 403 238 184 102 61 260 157 394 0 327 246 352 58 200 286 126 230 299 293 152 353 
450 386 262 350 279 457 411 203 458 385 488 441 89 69 475 66 170 96 101 428 163 372 175 66 316 66 325 327 0 126 381 381 154 457 326 128 72 242 151 233 
483 189 427 433 74 395 282 303 107 192 212 65 283 199 212 322 218 393 95 94 439 146 229 309 224 110 325 246 126 0 418 323 234 87 307 441 126 425 272 301 
356 279 316 495 205 248 275 307 236 77 120 134 446 342 367 144 53 395 312 396 440 113 91 292 292 350 222 352 381 418 0 182 332 124 237 488 295 119 476 100 
185 443 196 207 194 108 161 419 365 347 203 191 187 148 484 260 450 243 154 261 139 94 80 387 336 322 443 58 381 323 182 0 132 369 374 268 152 286 84 149 
272 265 329 429 409 387 296 84 458 142 444 355 486 91 338 245 491 81 349 459 377 149 245 470 436 67 412 200 154 234 332 132 0 405 202 305 494 312 459 52 
205 367 267 321 460 62 111 173 361 54 479 102 302 316 297 293 103 352 458 186 452 202 155 143 426 66 500 286 457 87 124 369 405 0 308 489 247 358 207 208 
97 189 364 109 457 488 176 461 222 228 262 244 231 261 298 83 425 190 241 127 52 90 259 275 89 252 232 126 326 307 237 374 202 308 0 290 268 311 152 437 
189 158 51 72 118 223 457 86 417 188 298 421 428 222 111 375 55 320 415 472 94 454 223 483 286 499 289 230 128 441 488 268 305 489 290 0 327 247 454 263 
373 211 246 166 334 140 414 255 274 342 72 148 348 342 62 319 142 222 248 125 215 246 120 395 325 268 138 299 72 126 295 152 494 247 268 327 0 167 339 276 
94 388 81 318 229 310 417 283 151 185 308 451 114 55 75 279 459 145 380 490 119 468 495 142 300 289 451 293 242 425 119 286 312 358 311 247 167 0 492 391 
227 237 476 118 495 426 182 257 207 167 422 58 497 411 128 220 405 427 470 400 133 262 348 57 88 341 319 152 151 272 476 84 459 207 152 454 339 492 0 64 
417 496 158 338 261 362 455 95 288 359 472 258 465 311 226 68 318 471 359 343 329 460 114 305 494 73 462 353 233 301 100 149 52 208 437 263 276 391 64 0 

600.75 0 2
600.75 1 14
600.75 2 12
600.75 3 22
600.75 4 8
600.75 5 28
600.75 6 14
600.75 7 37
600.75 8 30
600.75 9 28
600.75 10 38
600.75 11 5
600.75 12 23
600.75 13 35
600.75 14 17
600.75 15 32
600.75 16 30
600.75 17 37
600.75 18 34
600.75 19 5
600.75 20 35
600.75 21 30
600.75 22 30
600.75 23 38
600.75 24 1
600.75 25 2
600.75 26 19
600.75 27 8
600.75 28 35
600.75 29 27
600.75 30 36
600.75 31 26
600.75 32 2
600.75 33 38
600.75 34 37
600.75 35 38
600.75 36 16
600.75 37 1
600.75 38 25
600.75 39 8
