40 40 4 78

0.25 0 6
0.25 0 10
0.25 0 14
0.25 0 36
0.25 0 37
0.25 1 29
0.25 1 32
0.25 2 7
0.25 2 21
0.25 2 22
0.25 2 24
0.25 3 9
0.25 3 10
0.25 3 12
0.25 3 16
0.25 3 32
0.25 4 39
0.25 5 7
0.25 5 19
0.25 5 25
0.25 5 31
0.25 5 32
0.25 5 33
0.25 6 19
0.25 6 24
0.25 6 34
0.25 6 36
0.25 6 38
0.25 7 14
0.25 7 20
0.25 7 35
0.25 7 36
0.25 8 20
0.25 8 24
0.25 8 25
0.25 8 26
0.25 8 36
0.25 9 11
0.25 9 16
0.25 9 23
0.25 9 28
0.25 10 21
0.25 10 31
0.25 10 39
0.25 11 31
0.25 11 33
0.25 12 20
0.25 13 15
0.25 13 19
0.25 13 27
0.25 13 38
0.25 14 19
0.25 15 31
0.25 15 39
0.25 16 18
0.25 16 19
0.25 16 31
0.25 16 39
0.25 17 28
0.25 17 32
0.25 19 30
0.25 19 38
0.25 20 33
0.25 20 34
0.25 20 35
0.25 20 38
0.25 21 33
0.25 23 28
0.25 24 30
0.25 24 35
0.25 24 37
0.25 25 31
0.25 25 33
0.25 26 31
0.25 30 38
0.25 31 35
0.25 31 37
0.25 35 39

0 499 218 356 246 337 409 57 52 197 440 306 147 387 419 379 153 268 458 107 50 299 494 273 460 173 311 292 241 199 136 277 99 93 149 99 55 259 71 411 
499 0 271 113 90 116 286 469 176 309 163 71 176 287 69 220 275 440 60 267 364 333 344 296 209 269 241 148 341 480 206 478 367 337 408 113 407 359 146 226 
218 271 0 75 255 269 489 255 194 411 356 138 114 82 485 432 221 92 119 331 325 483 217 500 258 355 456 83 158 372 425 96 360 268 467 180 92 123 345 460 
356 113 75 0 471 203 126 147 50 402 184 458 265 332 196 466 379 233 80 369 441 209 302 434 180 152 352 344 147 390 115 201 457 416 251 390 322 272 181 438 
246 90 255 471 0 265 384 158 100 486 446 280 284 118 499 314 466 460 387 190 498 249 410 427 436 411 179 418 339 76 284 299 373 440 256 358 196 149 265 324 
337 116 269 203 265 0 235 102 415 454 239 471 100 241 290 425 367 224 80 456 268 105 60 456 74 448 437 344 256 236 70 86 152 152 234 252 98 337 310 367 
409 286 489 126 384 235 0 202 112 224 125 358 218 246 293 498 377 230 397 227 150 373 251 142 477 431 475 291 180 243 141 221 178 141 133 81 399 333 95 491 
57 469 255 147 158 102 202 0 371 255 209 281 458 154 381 145 255 104 350 174 292 197 186 486 127 127 398 374 183 365 226 147 226 60 88 110 115 222 318 157 
52 176 194 50 100 415 112 371 0 364 414 277 61 498 111 250 367 424 103 278 185 453 80 160 53 156 498 196 381 199 263 470 121 176 366 289 307 241 400 155 
197 309 411 402 486 454 224 255 364 0 330 273 81 474 57 238 257 175 234 313 248 387 323 343 272 396 333 421 231 129 213 190 74 333 436 299 291 404 363 227 
440 163 356 184 446 239 125 209 414 330 0 99 153 242 164 97 316 359 183 410 335 419 435 86 126 464 65 310 180 254 375 310 486 182 496 371 263 169 321 139 
306 71 138 458 280 471 358 281 277 273 99 0 381 211 161 354 130 277 236 204 78 210 363 83 194 91 445 377 254 79 98 344 416 353 331 420 355 258 148 268 
147 176 114 265 284 100 218 458 61 81 153 381 0 254 433 442 127 116 453 417 62 458 61 144 406 176 471 74 377 310 417 239 470 251 268 259 123 415 200 253 
387 287 82 332 118 241 246 154 498 474 242 211 254 0 328 71 183 380 295 367 102 451 350 202 289 440 142 63 307 385 404 226 418 465 311 393 405 346 103 372 
419 69 485 196 499 290 293 381 111 57 164 161 433 328 0 303 269 79 211 214 115 150 318 93 493 376 101 210 270 283 115 455 126 125 181 442 120 140 126 324 
379 220 432 466 314 425 498 145 250 238 97 354 442 71 303 0 405 426 148 242 137 211 117 345 147 386 366 89 460 393 301 304 273 108 253 342 241 111 82 486 
153 275 221 379 466 367 377 255 367 257 316 130 127 183 269 405 0 154 337 398 449 425 430 338 399 419 312 459 88 191 393 234 151 144 316 126 311 53 481 366 
268 440 92 233 460 224 230 104 424 175 359 277 116 380 79 426 154 0 394 308 70 250 465 330 335 208 349 387 283 52 458 103 179 279 315 191 305 493 483 161 
458 60 119 80 387 80 397 350 103 234 183 236 453 295 211 148 337 394 0 272 70 453 276 375 183 79 248 388 376 109 199 468 448 299 133 59 227 338 163 235 
107 267 331 369 190 456 227 174 278 313 410 204 417 367 214 242 398 308 272 0 122 109 316 480 189 324 252 266 127 229 151 383 240 184 234 168 382 76 76 430 
50 364 325 441 498 268 150 292 185 248 335 78 62 102 115 137 449 70 70 122 0 205 139 192 186 447 431 459 448 492 273 205 334 380 494 407 197 272 283 473 
299 333 483 209 249 105 373 197 453 387 419 210 458 451 150 211 425 250 453 109 205 0 192 386 335 279 133 407 262 435 134 241 395 212 462 234 451 382 350 379 
494 344 217 302 410 60 251 186 80 323 435 363 61 350 318 117 430 465 276 316 139 192 0 329 439 421 377 114 222 63 143 467 414 229 92 280 403 428 76 211 
273 296 500 434 427 456 142 486 160 343 86 83 144 202 93 345 338 330 375 480 192 386 329 0 481 102 139 206 213 440 208 54 338 379 266 365 69 406 288 232 
460 209 258 180 436 74 477 127 53 272 126 194 406 289 493 147 399 335 183 189 186 335 439 481 0 320 163 365 220 197 147 155 500 152 469 186 73 375 338 93 
173 269 355 152 411 448 431 127 156 396 464 91 176 440 376 386 419 208 79 324 447 279 421 102 320 0 407 496 128 442 289 321 234 65 406 274 280 340 249 88 
311 241 456 352 179 437 475 398 498 333 65 445 471 142 101 366 312 349 248 252 431 133 377 139 163 407 0 289 278 152 111 293 337 300 458 314 338 94 357 250 
292 148 83 344 418 344 291 374 196 421 310 377 74 63 210 89 459 387 388 266 459 407 114 206 365 496 289 0 132 123 295 216 215 364 453 166 195 481 155 145 
241 341 158 147 339 256 180 183 381 231 180 254 377 307 270 460 88 283 376 127 448 262 222 213 220 128 278 132 0 276 391 322 262 242 287 366 428 50 438 388 
199 480 372 390 76 236 243 365 199 129 254 79 310 385 283 393 191 52 109 229 492 435 63 440 197 442 152 123 276 0 184 183 471 278 450 378 493 54 282 76 
136 206 425 115 284 70 141 226 263 213 375 98 417 404 115 301 393 458 199 151 273 134 143 208 147 289 111 295 391 184 0 106 478 382 480 319 413 489 260 449 
277 478 96 201 299 86 221 147 470 190 310 344 239 226 455 304 234 103 468 383 205 241 467 54 155 321 293 216 322 183 106 0 311 286 142 172 189 467 215 54 
99 367 360 457 373 152 178 226 121 74 486 416 470 418 126 273 151 179 448 240 334 395 414 338 500 234 337 215 262 471 478 311 0 321 358 197 400 363 378 253 
93 337 268 416 440 152 141 60 176 333 182 353 251 465 125 108 144 279 299 184 380 212 229 379 152 65 300 364 242 278 382 286 321 0 447 449 455 111 311 408 
149 408 467 251 256 234 133 88 366 436 496 331 268 311 181 253 316 315 133 234 494 462 92 266 469 406 458 453 287 450 480 142 358 447 0 61 461 238 346 442 
99 113 180 390 358 252 81 110 289 299 371 420 259 393 442 342 126 191 59 168 407 234 280 365 186 274 314 166 366 378 319 172 197 449 61 0 302 218 143 283 
55 407 92 322 196 98 399 115 307 291 263 355 123 405 120 241 311 305 227 382 197 451 403 69 73 280 338 195 428 493 413 189 400 455 461 302 0 154 120 481 
259 359 123 272 149 337 333 222 241 404 169 258 415 346 140 111 53 493 338 76 272 382 428 406 375 340 94 481 50 54 489 467 363 111 238 218 154 0 147 188 
71 146 345 181 265 310 95 318 400 363 321 148 200 103 126 82 481 483 163 76 283 350 76 288 338 249 357 155 438 282 260 215 378 311 346 143 120 147 0 390 
411 226 460 438 324 367 491 157 155 227 139 268 253 372 324 486 366 161 235 430 473 379 211 232 93 88 250 145 388 76 449 54 253 408 442 283 481 188 390 0 

626.75 0 12
626.75 1 14
626.75 2 27
626.75 3 38
626.75 4 0
626.75 5 36
626.75 6 28
626.75 7 3
626.75 8 1
626.75 9 25
626.75 10 9
626.75 11 13
626.75 12 16
626.75 13 11
626.75 14 19
626.75 15 31
626.75 16 14
626.75 17 38
626.75 18 14
626.75 19 34
626.75 20 27
626.75 21 6
626.75 22 21
626.75 23 6
626.75 24 3
626.75 25 27
626.75 26 30
626.75 27 22
626.75 28 9
626.75 29 37
626.75 30 26
626.75 31 21
626.75 32 12
626.75 33 3
626.75 34 21
626.75 35 2
626.75 36 0
626.75 37 38
626.75 38 33
626.75 39 2
