40 40 3 156

0.2 0 4
0.2 0 17
0.2 0 21
0.2 0 23
0.2 0 29
0.2 0 31
0.2 0 34
0.2 0 36
0.2 0 38
0.2 1 9
0.2 1 14
0.2 1 32
0.2 1 33
0.2 1 39
0.2 2 6
0.2 2 15
0.2 2 23
0.2 2 25
0.2 2 26
0.2 2 28
0.2 2 30
0.2 2 34
0.2 3 5
0.2 3 7
0.2 3 8
0.2 3 12
0.2 3 15
0.2 3 18
0.2 3 30
0.2 3 37
0.2 4 6
0.2 4 12
0.2 4 18
0.2 4 20
0.2 4 21
0.2 4 25
0.2 4 27
0.2 4 31
0.2 4 32
0.2 4 37
0.2 4 38
0.2 5 21
0.2 5 24
0.2 5 26
0.2 5 28
0.2 5 36
0.2 6 8
0.2 6 11
0.2 6 17
0.2 6 19
0.2 6 23
0.2 6 25
0.2 6 28
0.2 7 11
0.2 7 25
0.2 7 26
0.2 7 30
0.2 7 31
0.2 7 34
0.2 7 35
0.2 7 39
0.2 8 9
0.2 8 11
0.2 8 12
0.2 8 22
0.2 8 32
0.2 8 38
0.2 9 10
0.2 9 12
0.2 9 14
0.2 9 26
0.2 9 30
0.2 9 33
0.2 9 39
0.2 10 18
0.2 10 20
0.2 10 25
0.2 10 26
0.2 10 28
0.2 10 30
0.2 11 22
0.2 11 28
0.2 12 13
0.2 12 15
0.2 12 22
0.2 12 24
0.2 12 25
0.2 12 37
0.2 12 39
0.2 13 19
0.2 13 20
0.2 13 24
0.2 13 37
0.2 14 16
0.2 14 19
0.2 14 20
0.2 14 36
0.2 15 20
0.2 15 26
0.2 15 27
0.2 15 29
0.2 15 37
0.2 15 39
0.2 16 24
0.2 16 30
0.2 16 32
0.2 16 33
0.2 16 35
0.2 17 22
0.2 17 26
0.2 17 30
0.2 17 31
0.2 17 35
0.2 18 28
0.2 18 29
0.2 18 30
0.2 18 33
0.2 19 20
0.2 19 27
0.2 19 33
0.2 19 35
0.2 19 37
0.2 20 21
0.2 20 22
0.2 20 23
0.2 20 25
0.2 20 26
0.2 21 28
0.2 21 29
0.2 21 30
0.2 21 33
0.2 22 24
0.2 22 28
0.2 23 26
0.2 23 27
0.2 23 30
0.2 23 32
0.2 23 33
0.2 23 35
0.2 23 38
0.2 23 39
0.2 24 33
0.2 24 35
0.2 24 37
0.2 24 39
0.2 25 27
0.2 27 28
0.2 27 32
0.2 29 35
0.2 30 31
0.2 30 36
0.2 30 39
0.2 31 39
0.2 32 38
0.2 34 36
0.2 36 38

0 198 240 346 150 320 383 385 475 296 222 315 373 73 275 80 375 182 85 418 295 440 156 416 72 467 148 358 82 257 95 353 499 191 81 238 373 73 489 132 
198 0 236 66 355 253 338 363 484 325 379 341 344 497 470 186 242 485 235 492 383 163 249 96 261 224 272 106 185 451 283 395 137 146 132 232 113 357 216 497 
240 236 0 425 216 367 463 490 430 56 372 102 192 187 153 167 149 393 163 337 358 353 332 256 428 266 162 301 245 320 302 452 416 162 333 66 124 94 434 422 
346 66 425 0 392 296 370 476 172 463 391 297 135 405 203 226 344 358 93 139 480 193 467 284 457 449 372 321 115 497 252 154 153 339 161 120 312 286 94 160 
150 355 216 392 0 301 59 392 430 423 248 315 62 140 67 210 345 194 302 421 496 407 66 449 364 296 175 284 493 342 103 354 441 272 465 309 240 146 137 308 
320 253 367 296 301 0 498 469 165 82 381 292 114 477 264 163 302 262 184 310 70 271 330 150 226 312 277 400 58 272 298 261 176 374 191 411 213 395 483 58 
383 338 463 370 59 498 0 483 468 215 388 226 167 354 75 363 117 428 127 191 268 131 453 486 415 363 95 92 366 111 93 402 261 383 382 247 140 312 421 306 
385 363 490 476 392 469 483 0 446 290 133 437 434 224 361 321 315 221 437 240 176 277 143 423 408 318 106 153 313 334 81 397 338 152 127 232 397 477 232 139 
475 484 430 172 430 165 468 446 0 328 243 221 110 291 406 461 83 222 354 363 366 439 225 72 348 279 249 271 292 487 115 292 174 64 188 177 55 467 103 381 
296 325 56 463 423 82 215 290 328 0 378 97 446 195 368 340 184 267 234 268 285 78 179 141 462 498 250 425 265 183 377 223 191 407 421 382 83 105 129 309 
222 379 372 391 248 381 388 133 243 378 0 161 155 484 373 174 220 346 406 176 162 74 82 378 370 275 108 136 112 353 67 481 74 498 424 329 144 422 78 280 
315 341 102 297 315 292 226 437 221 97 161 0 440 87 470 184 401 113 457 498 275 234 94 110 338 350 268 72 395 278 248 65 396 89 59 450 76 98 312 177 
373 344 192 135 62 114 167 434 110 446 155 440 0 460 485 130 263 103 82 294 203 167 238 314 166 430 113 237 243 155 437 178 319 347 429 343 381 170 137 162 
73 497 187 405 140 477 354 224 291 195 484 87 460 0 62 75 396 127 181 419 360 382 433 394 470 189 376 335 487 415 51 417 441 372 390 237 121 144 440 271 
275 470 153 203 67 264 75 361 406 368 373 470 485 62 0 167 142 437 345 439 111 420 452 390 323 257 253 480 481 380 109 273 168 301 323 492 87 365 332 135 
80 186 167 226 210 163 363 321 461 340 174 184 130 75 167 0 275 184 67 163 499 162 215 474 296 484 317 295 472 104 351 237 262 260 462 315 239 209 373 176 
375 242 149 344 345 302 117 315 83 184 220 401 263 396 142 275 0 319 280 462 280 403 63 243 248 357 150 309 223 401 137 267 414 107 409 141 376 347 53 85 
182 485 393 358 194 262 428 221 222 267 346 113 103 127 437 184 319 0 410 240 371 187 228 321 171 333 102 92 72 116 163 361 235 327 92 271 115 51 434 122 
85 235 163 93 302 184 127 437 354 234 406 457 82 181 345 67 280 410 0 298 189 495 153 152 173 321 246 170 451 75 459 107 319 312 265 304 223 301 90 376 
418 492 337 139 421 310 191 240 363 268 176 498 294 419 439 163 462 240 298 0 226 475 298 276 308 474 497 62 224 330 204 432 346 62 405 358 317 205 354 444 
295 383 358 480 496 70 268 176 366 285 162 275 203 360 111 499 280 371 189 226 0 423 459 365 191 59 65 115 331 138 396 64 456 304 279 305 332 70 492 219 
440 163 353 193 407 271 131 277 439 78 74 234 167 382 420 162 403 187 495 475 423 0 337 96 274 351 229 478 249 233 495 453 478 290 490 78 496 79 459 301 
156 249 332 467 66 330 453 143 225 179 82 94 238 433 452 215 63 228 153 298 459 337 0 208 404 269 353 114 100 53 292 427 479 237 60 278 431 114 308 335 
416 96 256 284 449 150 486 423 72 141 378 110 314 394 390 474 243 321 152 276 365 96 208 0 164 257 349 311 99 176 128 62 469 68 328 234 142 396 315 491 
72 261 428 457 364 226 415 408 348 462 370 338 166 470 323 296 248 171 173 308 191 274 404 164 0 472 256 230 314 432 499 80 57 155 67 60 359 217 281 422 
467 224 266 449 296 312 363 318 279 498 275 350 430 189 257 484 357 333 321 474 59 351 269 257 472 0 326 130 77 104 418 181 159 98 420 323 312 144 249 391 
148 272 162 372 175 277 95 106 249 250 108 268 113 376 253 317 150 102 246 497 65 229 353 349 256 326 0 490 164 225 59 187 155 78 430 164 72 351 202 245 
358 106 301 321 284 400 92 153 271 425 136 72 237 335 480 295 309 92 170 62 115 478 114 311 230 130 490 0 124 453 309 296 60 410 483 104 203 419 147 380 
82 185 245 115 493 58 366 313 292 265 112 395 243 487 481 472 223 72 451 224 331 249 100 99 314 77 164 124 0 338 350 196 305 396 339 156 376 455 219 84 
257 451 320 497 342 272 111 334 487 183 353 278 155 415 380 104 401 116 75 330 138 233 53 176 432 104 225 453 338 0 462 487 348 259 223 175 432 324 184 188 
95 283 302 252 103 298 93 81 115 377 67 248 437 51 109 351 137 163 459 204 396 495 292 128 499 418 59 309 350 462 0 465 475 420 337 430 80 116 114 222 
353 395 452 154 354 261 402 397 292 223 481 65 178 417 273 237 267 361 107 432 64 453 427 62 80 181 187 296 196 487 465 0 303 294 127 345 456 235 415 166 
499 137 416 153 441 176 261 338 174 191 74 396 319 441 168 262 414 235 319 346 456 478 479 469 57 159 155 60 305 348 475 303 0 355 61 114 251 387 106 184 
191 146 162 339 272 374 383 152 64 407 498 89 347 372 301 260 107 327 312 62 304 290 237 68 155 98 78 410 396 259 420 294 355 0 376 203 361 367 255 143 
81 132 333 161 465 191 382 127 188 421 424 59 429 390 323 462 409 92 265 405 279 490 60 328 67 420 430 483 339 223 337 127 61 376 0 171 267 471 459 483 
238 232 66 120 309 411 247 232 177 382 329 450 343 237 492 315 141 271 304 358 305 78 278 234 60 323 164 104 156 175 430 345 114 203 171 0 198 483 194 199 
373 113 124 312 240 213 140 397 55 83 144 76 381 121 87 239 376 115 223 317 332 496 431 142 359 312 72 203 376 432 80 456 251 361 267 198 0 261 237 358 
73 357 94 286 146 395 312 477 467 105 422 98 170 144 365 209 347 51 301 205 70 79 114 396 217 144 351 419 455 324 116 235 387 367 471 483 261 0 135 288 
489 216 434 94 137 483 421 232 103 129 78 312 137 440 332 373 53 434 90 354 492 459 308 315 281 249 202 147 219 184 114 415 106 255 459 194 237 135 0 288 
132 497 422 160 308 58 306 139 381 309 280 177 162 271 135 176 85 122 376 444 219 301 335 491 422 391 245 380 84 188 222 166 184 143 483 199 358 288 288 0 

616.75 0 22
616.75 1 9
616.75 2 9
616.75 3 34
616.75 4 5
616.75 5 11
616.75 6 25
616.75 7 10
616.75 8 24
616.75 9 34
616.75 10 9
616.75 11 10
616.75 12 15
616.75 13 12
616.75 14 23
616.75 15 8
616.75 16 14
616.75 17 19
616.75 18 10
616.75 19 35
616.75 20 7
616.75 21 1
616.75 22 5
616.75 23 4
616.75 24 16
616.75 25 30
616.75 26 25
616.75 27 1
616.75 28 2
616.75 29 10
616.75 30 18
616.75 31 14
616.75 32 19
616.75 33 17
616.75 34 9
616.75 35 14
616.75 36 17
616.75 37 23
616.75 38 13
616.75 39 2
