50 50 3 245

0.2 0 4
0.2 0 5
0.2 0 13
0.2 0 17
0.2 0 20
0.2 0 21
0.2 0 23
0.2 0 28
0.2 0 30
0.2 0 38
0.2 0 41
0.2 0 42
0.2 0 44
0.2 0 48
0.2 1 3
0.2 1 4
0.2 1 8
0.2 1 10
0.2 1 15
0.2 1 22
0.2 1 39
0.2 1 45
0.2 2 21
0.2 2 30
0.2 2 34
0.2 2 37
0.2 2 45
0.2 2 48
0.2 3 8
0.2 3 10
0.2 3 12
0.2 3 13
0.2 3 18
0.2 3 19
0.2 3 36
0.2 3 39
0.2 3 45
0.2 4 9
0.2 4 13
0.2 4 14
0.2 4 30
0.2 4 40
0.2 4 41
0.2 4 47
0.2 5 6
0.2 5 13
0.2 5 19
0.2 5 33
0.2 5 38
0.2 5 39
0.2 5 42
0.2 5 49
0.2 6 8
0.2 6 11
0.2 6 29
0.2 6 40
0.2 7 9
0.2 7 10
0.2 7 13
0.2 7 20
0.2 7 30
0.2 7 41
0.2 7 45
0.2 7 46
0.2 7 48
0.2 8 9
0.2 8 12
0.2 8 18
0.2 8 27
0.2 8 36
0.2 9 14
0.2 9 15
0.2 9 29
0.2 9 40
0.2 9 43
0.2 9 49
0.2 10 12
0.2 10 13
0.2 10 16
0.2 10 20
0.2 10 27
0.2 10 30
0.2 10 36
0.2 10 39
0.2 10 40
0.2 10 45
0.2 10 46
0.2 10 48
0.2 11 13
0.2 11 18
0.2 11 23
0.2 11 33
0.2 11 40
0.2 11 42
0.2 11 49
0.2 12 15
0.2 12 19
0.2 12 21
0.2 12 24
0.2 12 33
0.2 12 41
0.2 12 43
0.2 12 45
0.2 13 14
0.2 13 18
0.2 13 20
0.2 13 21
0.2 13 22
0.2 13 25
0.2 13 28
0.2 13 29
0.2 13 36
0.2 13 38
0.2 13 47
0.2 14 19
0.2 14 20
0.2 14 25
0.2 14 31
0.2 14 32
0.2 14 34
0.2 14 35
0.2 14 38
0.2 14 41
0.2 14 42
0.2 15 18
0.2 15 21
0.2 15 24
0.2 15 32
0.2 15 36
0.2 15 41
0.2 15 42
0.2 15 45
0.2 15 46
0.2 15 48
0.2 16 18
0.2 16 23
0.2 16 30
0.2 16 40
0.2 16 42
0.2 17 19
0.2 17 21
0.2 17 30
0.2 17 31
0.2 17 42
0.2 17 43
0.2 18 24
0.2 18 30
0.2 18 31
0.2 18 33
0.2 18 35
0.2 18 38
0.2 18 44
0.2 18 45
0.2 19 20
0.2 19 21
0.2 19 27
0.2 19 31
0.2 19 32
0.2 19 34
0.2 19 35
0.2 19 39
0.2 19 40
0.2 19 41
0.2 19 44
0.2 20 25
0.2 20 27
0.2 20 28
0.2 20 30
0.2 20 41
0.2 21 24
0.2 21 26
0.2 21 30
0.2 21 39
0.2 21 42
0.2 21 43
0.2 21 44
0.2 21 46
0.2 21 48
0.2 22 37
0.2 22 48
0.2 23 31
0.2 23 48
0.2 24 33
0.2 24 34
0.2 24 35
0.2 24 47
0.2 25 33
0.2 25 35
0.2 25 37
0.2 25 40
0.2 25 49
0.2 26 32
0.2 26 33
0.2 26 35
0.2 26 37
0.2 26 42
0.2 26 43
0.2 26 47
0.2 26 48
0.2 27 31
0.2 27 37
0.2 27 41
0.2 27 44
0.2 28 33
0.2 28 42
0.2 28 43
0.2 28 48
0.2 29 32
0.2 29 36
0.2 29 40
0.2 29 43
0.2 29 45
0.2 29 47
0.2 30 35
0.2 31 32
0.2 31 34
0.2 31 39
0.2 31 42
0.2 31 43
0.2 31 46
0.2 31 47
0.2 33 35
0.2 33 38
0.2 33 47
0.2 34 42
0.2 35 39
0.2 35 41
0.2 35 42
0.2 35 47
0.2 35 49
0.2 36 48
0.2 37 40
0.2 37 42
0.2 37 44
0.2 38 40
0.2 39 42
0.2 40 47
0.2 41 44
0.2 41 45
0.2 42 44
0.2 42 45
0.2 43 48
0.2 44 48
0.2 46 47
0.2 47 48

0 281 308 221 137 365 410 121 77 344 278 74 394 184 222 435 372 434 397 65 272 394 218 177 483 391 211 147 271 161 321 273 449 114 335 403 296 318 332 143 214 315 202 74 261 136 379 245 187 342 
281 0 235 396 420 334 154 137 224 116 138 249 64 87 472 236 391 285 444 286 193 376 145 392 304 399 60 370 475 367 232 484 110 222 318 321 141 489 429 293 55 238 191 426 309 457 233 432 292 272 
308 235 0 368 415 173 97 68 84 260 324 191 92 358 214 175 257 500 165 348 361 200 458 292 303 112 282 102 231 234 442 479 353 455 219 464 494 60 398 398 335 448 321 72 291 173 364 80 342 326 
221 396 368 0 76 182 113 96 308 258 81 210 360 292 482 141 344 281 342 450 350 253 498 87 452 280 450 67 401 382 187 421 369 258 278 248 413 156 264 201 252 203 296 322 353 206 93 132 281 351 
137 420 415 76 0 480 128 297 238 349 201 276 273 386 192 126 105 361 186 421 395 307 54 200 370 227 233 270 329 342 172 378 438 138 283 154 184 356 367 429 350 190 418 294 70 266 403 271 158 307 
365 334 173 182 480 0 111 117 270 124 158 365 391 336 434 419 238 418 116 275 351 227 310 385 379 101 163 470 100 415 79 150 210 443 360 340 102 197 126 220 481 278 182 257 438 322 72 385 341 414 
410 154 97 113 128 111 0 186 480 92 349 245 191 244 375 449 242 437 161 202 270 263 455 210 348 123 341 285 210 490 235 206 282 258 139 350 435 88 448 61 243 371 435 122 52 377 416 215 141 274 
121 137 68 96 297 117 186 0 134 472 272 83 71 460 414 368 245 228 498 76 471 109 395 440 252 416 338 259 102 377 87 112 50 191 334 166 170 215 437 186 398 468 91 474 408 117 396 181 321 154 
77 224 84 308 238 270 480 134 0 464 245 103 363 361 476 61 320 429 493 53 238 338 314 196 262 356 433 176 77 222 275 394 103 362 377 337 338 280 111 447 210 226 248 484 271 235 264 303 103 415 
344 116 260 258 349 124 92 472 464 0 368 221 154 443 235 285 155 221 372 372 425 409 439 378 446 132 327 468 386 406 111 432 420 101 395 352 161 433 268 254 149 228 425 286 438 228 346 146 479 282 
278 138 324 81 201 158 349 272 245 368 0 269 55 151 393 111 427 497 496 217 338 428 495 291 251 367 271 128 337 429 466 381 137 310 306 316 187 231 107 362 132 108 118 329 204 498 421 310 251 344 
74 249 191 210 276 365 245 83 103 221 269 0 451 70 122 471 261 156 491 153 356 110 190 360 299 432 484 223 286 249 387 359 413 306 291 486 433 473 186 331 89 414 285 492 73 326 152 220 180 275 
394 64 92 360 273 391 191 71 363 154 55 451 0 425 132 145 498 72 214 432 440 102 345 132 352 461 156 305 61 291 247 318 237 265 52 79 153 478 115 138 182 237 185 66 491 488 104 337 447 410 
184 87 358 292 386 336 244 460 361 443 151 70 425 0 414 260 499 463 369 320 330 495 247 51 135 422 187 60 60 266 214 127 214 208 199 227 133 120 361 440 246 143 297 465 286 200 173 484 314 132 
222 472 214 482 192 434 375 414 476 235 393 122 132 414 0 328 343 190 180 304 203 166 203 169 216 391 95 500 364 241 385 279 398 158 199 311 188 279 258 492 123 277 90 175 399 335 342 330 378 272 
435 236 175 141 126 419 449 368 61 285 111 471 145 260 328 0 167 150 205 303 146 203 71 293 291 430 239 75 234 59 219 409 353 187 472 144 66 321 70 342 217 155 368 141 457 492 164 487 160 85 
372 391 257 344 105 238 242 245 320 155 427 261 498 499 343 167 0 110 368 161 251 102 461 396 281 123 53 495 71 483 161 296 216 202 412 285 243 415 487 230 328 433 234 55 363 197 91 85 64 419 
434 285 500 281 361 418 437 228 429 221 497 156 72 463 190 150 110 0 412 196 184 387 263 433 300 141 234 363 131 311 394 390 495 469 326 239 339 368 469 406 449 173 94 197 309 459 167 172 398 500 
397 444 165 342 186 116 161 498 493 372 496 491 214 369 180 205 368 412 0 369 54 173 360 231 288 228 406 419 441 450 201 302 154 263 359 256 182 348 385 234 151 360 474 444 443 463 388 50 162 320 
65 286 348 450 421 275 202 76 53 372 217 153 432 320 304 303 161 196 369 0 484 290 369 390 347 426 181 296 97 54 178 203 369 177 108 207 306 97 384 172 141 490 70 388 221 209 340 387 279 95 
272 193 361 350 395 351 270 471 238 425 338 356 440 330 203 146 251 184 54 484 0 311 397 329 382 226 124 101 332 392 343 275 269 181 429 404 344 122 128 83 482 321 214 127 145 373 355 367 303 124 
394 376 200 253 307 227 263 109 338 409 428 110 102 495 166 203 102 387 173 290 311 0 176 283 289 394 335 179 303 390 205 352 212 196 405 201 345 456 455 164 59 87 149 436 414 494 376 500 329 132 
218 145 458 498 54 310 455 395 314 439 495 190 345 247 203 71 461 263 360 369 397 176 0 343 466 423 255 480 222 308 277 359 434 397 215 166 383 175 498 84 85 261 57 90 351 242 411 361 382 276 
177 392 292 87 200 385 210 440 196 378 291 360 132 51 169 293 396 433 231 390 329 283 343 0 175 214 215 213 127 223 440 51 270 340 458 113 321 261 84 329 157 229 74 303 431 224 419 457 217 178 
483 304 303 452 370 379 348 252 262 446 251 299 352 135 216 291 281 300 288 347 382 289 466 175 0 194 270 310 110 192 463 291 209 157 239 299 182 364 208 376 418 306 185 102 141 75 432 55 141 144 
391 399 112 280 227 101 123 416 356 132 367 432 461 422 391 430 123 141 228 426 226 394 423 214 194 0 180 103 351 480 206 321 462 79 460 457 498 398 186 169 133 233 428 131 103 182 423 181 51 99 
211 60 282 450 233 163 341 338 433 327 271 484 156 187 95 239 53 234 406 181 124 335 255 215 270 180 0 255 107 57 131 207 427 334 454 127 158 403 443 227 397 231 125 169 447 52 418 223 57 179 
147 370 102 67 270 470 285 259 176 468 128 223 305 60 500 75 495 363 419 296 101 179 480 213 310 103 255 0 273 252 443 128 288 88 148 478 372 364 178 107 499 298 91 260 302 496 485 127 240 421 
271 475 231 401 329 100 210 102 77 386 337 286 61 60 364 234 71 131 441 97 332 303 222 127 110 351 107 273 0 331 213 470 431 290 133 131 189 164 223 326 351 399 71 371 54 483 467 262 153 250 
161 367 234 382 342 415 490 377 222 406 429 249 291 266 241 59 483 311 450 54 392 390 308 223 192 480 57 252 331 0 90 371 53 203 63 165 202 457 206 409 197 337 145 411 498 110 403 113 178 496 
321 232 442 187 172 79 235 87 275 111 466 387 247 214 385 219 161 394 201 178 343 205 277 440 463 206 131 443 213 90 0 375 162 174 229 131 66 254 295 444 228 413 175 486 418 419 200 491 81 467 
273 484 479 421 378 150 206 112 394 432 381 359 318 127 279 409 296 390 302 203 275 352 359 51 291 321 207 128 470 371 375 0 380 110 175 240 436 432 262 176 271 420 224 152 265 326 102 213 291 298 
449 110 353 369 438 210 282 50 103 420 137 413 237 214 398 353 216 495 154 369 269 212 434 270 209 462 427 288 431 53 162 380 0 131 332 436 500 201 134 202 202 281 493 336 306 66 343 495 420 475 
114 222 455 258 138 443 258 191 362 101 310 306 265 208 158 187 202 469 263 177 181 196 397 340 157 79 334 88 290 203 174 110 131 0 398 94 266 264 399 98 62 361 203 265 208 92 63 70 130 292 
335 318 219 278 283 360 139 334 377 395 306 291 52 199 199 472 412 326 359 108 429 405 215 458 239 460 454 148 133 63 229 175 332 398 0 194 104 87 232 83 473 330 226 180 324 482 352 52 278 149 
403 321 464 248 154 340 350 166 337 352 316 486 79 227 311 144 285 239 256 207 404 201 166 113 299 457 127 478 131 165 131 240 436 94 194 0 184 264 451 130 51 421 411 336 326 282 245 265 285 281 
296 141 494 413 184 102 435 170 338 161 187 433 153 133 188 66 243 339 182 306 344 345 383 321 182 498 158 372 189 202 66 436 500 266 104 184 0 411 476 268 493 345 335 228 352 120 293 405 177 206 
318 489 60 156 356 197 88 215 280 433 231 473 478 120 279 321 415 368 348 97 122 456 175 261 364 398 403 364 164 457 254 432 201 264 87 264 411 0 180 301 216 407 160 252 326 114 268 217 369 373 
332 429 398 264 367 126 448 437 111 268 107 186 115 361 258 70 487 469 385 384 128 455 498 84 208 186 443 178 223 206 295 262 134 399 232 451 476 180 0 474 400 388 208 309 441 349 140 153 105 142 
143 293 398 201 429 220 61 186 447 254 362 331 138 440 492 342 230 406 234 172 83 164 84 329 376 169 227 107 326 409 444 176 202 98 83 130 268 301 474 0 409 70 290 211 122 62 56 415 230 327 
214 55 335 252 350 481 243 398 210 149 132 89 182 246 123 217 328 449 151 141 482 59 85 157 418 133 397 499 351 197 228 271 202 62 473 51 493 216 400 409 0 134 84 245 471 292 320 313 104 361 
315 238 448 203 190 278 371 468 226 228 108 414 237 143 277 155 433 173 360 490 321 87 261 229 306 233 231 298 399 337 413 420 281 361 330 421 345 407 388 70 134 0 276 345 144 103 60 413 62 436 
202 191 321 296 418 182 435 91 248 425 118 285 185 297 90 368 234 94 474 70 214 149 57 74 185 428 125 91 71 145 175 224 493 203 226 411 335 160 208 290 84 276 0 409 352 94 366 134 117 308 
74 426 72 322 294 257 122 474 484 286 329 492 66 465 175 141 55 197 444 388 127 436 90 303 102 131 169 260 371 411 486 152 336 265 180 336 228 252 309 211 245 345 409 0 217 486 375 149 50 477 
261 309 291 353 70 438 52 408 271 438 204 73 491 286 399 457 363 309 443 221 145 414 351 431 141 103 447 302 54 498 418 265 306 208 324 326 352 326 441 122 471 144 352 217 0 460 183 396 326 274 
136 457 173 206 266 322 377 117 235 228 498 326 488 200 335 492 197 459 463 209 373 494 242 224 75 182 52 496 483 110 419 326 66 92 482 282 120 114 349 62 292 103 94 486 460 0 207 414 445 79 
379 233 364 93 403 72 416 396 264 346 421 152 104 173 342 164 91 167 388 340 355 376 411 419 432 423 418 485 467 403 200 102 343 63 352 245 293 268 140 56 320 60 366 375 183 207 0 135 160 62 
245 432 80 132 271 385 215 181 303 146 310 220 337 484 330 487 85 172 50 387 367 500 361 457 55 181 223 127 262 113 491 213 495 70 52 265 405 217 153 415 313 413 134 149 396 414 135 0 340 192 
187 292 342 281 158 341 141 321 103 479 251 180 447 314 378 160 64 398 162 279 303 329 382 217 141 51 57 240 153 178 81 291 420 130 278 285 177 369 105 230 104 62 117 50 326 445 160 340 0 285 
342 272 326 351 307 414 274 154 415 282 344 275 410 132 272 85 419 500 320 95 124 132 276 178 144 99 179 421 250 496 467 298 475 292 149 281 206 373 142 327 361 436 308 477 274 79 62 192 285 0 

730.25 0 35
730.25 1 26
730.25 2 42
730.25 3 2
730.25 4 33
730.25 5 24
730.25 6 3
730.25 7 47
730.25 8 37
730.25 9 21
730.25 10 17
730.25 11 36
730.25 12 34
730.25 13 36
730.25 14 10
730.25 15 42
730.25 16 29
730.25 17 6
730.25 18 28
730.25 19 36
730.25 20 2
730.25 21 48
730.25 22 9
730.25 23 20
730.25 24 36
730.25 25 19
730.25 26 44
730.25 27 1
730.25 28 1
730.25 29 35
730.25 30 44
730.25 31 36
730.25 32 12
730.25 33 37
730.25 34 39
730.25 35 1
730.25 36 17
730.25 37 47
730.25 38 48
730.25 39 6
730.25 40 19
730.25 41 16
730.25 42 43
730.25 43 4
730.25 44 3
730.25 45 8
730.25 46 2
730.25 47 38
730.25 48 19
730.25 49 30
