30 30 3 87

0.25 0 2
0.25 0 4
0.25 0 10
0.25 0 19
0.25 0 22
0.25 0 23
0.25 0 24
0.25 1 7
0.25 1 10
0.25 1 12
0.25 1 16
0.25 1 19
0.25 1 20
0.25 2 3
0.25 2 4
0.25 2 17
0.25 2 23
0.25 2 29
0.25 3 14
0.25 3 16
0.25 3 19
0.25 3 20
0.25 3 22
0.25 3 23
0.25 3 25
0.25 3 28
0.25 3 29
0.25 4 6
0.25 4 8
0.25 4 14
0.25 4 16
0.25 4 23
0.25 4 26
0.25 5 6
0.25 5 8
0.25 5 12
0.25 5 29
0.25 6 14
0.25 6 15
0.25 6 21
0.25 6 25
0.25 7 12
0.25 7 16
0.25 7 18
0.25 7 27
0.25 8 16
0.25 8 17
0.25 8 19
0.25 8 26
0.25 9 16
0.25 9 17
0.25 10 14
0.25 10 22
0.25 10 28
0.25 11 16
0.25 11 17
0.25 11 21
0.25 11 23
0.25 11 24
0.25 13 19
0.25 13 20
0.25 13 21
0.25 13 27
0.25 13 29
0.25 14 20
0.25 14 22
0.25 15 16
0.25 15 26
0.25 15 28
0.25 16 23
0.25 16 25
0.25 17 19
0.25 17 24
0.25 17 25
0.25 17 28
0.25 18 22
0.25 18 23
0.25 19 28
0.25 19 29
0.25 20 21
0.25 20 23
0.25 20 28
0.25 21 29
0.25 24 27
0.25 25 26
0.25 25 27
0.25 27 29

0 88 448 163 168 311 353 149 98 245 102 124 275 315 335 282 158 259 135 185 186 241 471 438 463 52 79 260 52 55 
88 0 190 476 374 454 424 143 389 123 97 74 95 215 318 219 321 363 364 73 208 201 50 478 249 451 427 114 394 276 
448 190 0 146 465 233 319 277 252 148 272 363 199 94 67 261 106 191 495 146 446 310 179 129 392 423 494 83 205 468 
163 476 146 0 232 234 377 139 343 209 371 293 373 158 335 195 427 404 233 292 56 135 67 73 420 250 174 475 419 57 
168 374 465 232 0 477 365 381 92 61 180 122 461 251 168 484 94 102 409 228 94 107 402 212 364 134 222 398 154 169 
311 454 233 234 477 0 253 344 393 409 344 252 210 79 350 426 148 116 389 177 374 202 377 444 251 490 84 319 269 173 
353 424 319 377 365 253 0 463 456 369 330 252 488 94 317 239 94 350 354 291 276 99 499 226 85 167 176 157 208 426 
149 143 277 139 381 344 463 0 68 244 486 171 86 63 420 141 395 401 129 278 361 214 187 162 110 303 380 391 335 480 
98 389 252 343 92 393 456 68 0 349 437 50 160 361 255 176 415 449 244 457 59 484 121 166 188 238 213 443 373 148 
245 123 148 209 61 409 369 244 349 0 313 351 336 325 189 476 465 81 371 457 359 178 257 196 62 266 376 85 478 341 
102 97 272 371 180 344 330 486 437 313 0 126 138 377 381 393 149 293 387 100 318 209 378 162 189 222 220 426 442 70 
124 74 363 293 122 252 252 171 50 351 126 0 414 360 171 396 310 344 221 394 99 169 272 51 419 308 203 325 264 472 
275 95 199 373 461 210 488 86 160 336 138 414 0 397 384 92 101 123 63 407 250 336 273 420 431 467 250 171 176 74 
315 215 94 158 251 79 94 63 361 325 377 360 397 0 417 217 271 216 317 186 97 362 219 271 132 464 229 138 477 462 
335 318 67 335 168 350 317 420 255 189 381 171 384 417 0 272 193 323 186 258 402 382 86 134 144 125 147 201 189 442 
282 219 261 195 484 426 239 141 176 476 393 396 92 217 272 0 224 231 132 401 248 380 181 418 299 361 466 341 452 200 
158 321 106 427 94 148 94 395 415 465 149 310 101 271 193 224 0 243 458 125 275 235 475 408 455 232 402 498 148 195 
259 363 191 404 102 116 350 401 449 81 293 344 123 216 323 231 243 0 90 373 78 158 250 205 291 264 406 401 484 130 
135 364 495 233 409 389 354 129 244 371 387 221 63 317 186 132 458 90 0 496 489 447 165 382 412 279 188 70 359 358 
185 73 146 292 228 177 291 278 457 457 100 394 407 186 258 401 125 373 496 0 259 244 152 492 212 162 365 145 195 500 
186 208 446 56 94 374 276 361 59 359 318 99 250 97 402 248 275 78 489 259 0 223 166 427 417 103 481 122 482 320 
241 201 310 135 107 202 99 214 484 178 209 169 336 362 382 380 235 158 447 244 223 0 491 361 389 130 499 178 466 216 
471 50 179 67 402 377 499 187 121 257 378 272 273 219 86 181 475 250 165 152 166 491 0 418 296 412 97 50 422 194 
438 478 129 73 212 444 226 162 166 196 162 51 420 271 134 418 408 205 382 492 427 361 418 0 91 264 451 260 126 301 
463 249 392 420 364 251 85 110 188 62 189 419 431 132 144 299 455 291 412 212 417 389 296 91 0 127 485 249 87 181 
52 451 423 250 134 490 167 303 238 266 222 308 467 464 125 361 232 264 279 162 103 130 412 264 127 0 416 237 99 323 
79 427 494 174 222 84 176 380 213 376 220 203 250 229 147 466 402 406 188 365 481 499 97 451 485 416 0 465 333 133 
260 114 83 475 398 319 157 391 443 85 426 325 171 138 201 341 498 401 70 145 122 178 50 260 249 237 465 0 53 425 
52 394 205 419 154 269 208 335 373 478 442 264 176 477 189 452 148 484 359 195 482 466 422 126 87 99 333 53 0 372 
55 276 468 57 169 173 426 480 148 341 70 472 74 462 442 200 195 130 358 500 320 216 194 301 181 323 133 425 372 0 

644.16 0 5
644.16 1 23
644.16 2 12
644.16 3 13
644.16 4 16
644.16 5 15
644.16 6 27
644.16 7 28
644.16 8 18
644.16 9 4
644.16 10 6
644.16 11 0
644.16 12 24
644.16 13 18
644.16 14 15
644.16 15 23
644.16 16 3
644.16 17 13
644.16 18 16
644.16 19 0
644.16 20 28
644.16 21 24
644.16 22 12
644.16 23 0
644.16 24 11
644.16 25 20
644.16 26 27
644.16 27 8
644.16 28 25
644.16 29 25
