10 10 4 9

0.3 0 1
0.3 1 3
0.3 1 7
0.3 2 6
0.3 2 7
0.3 3 4
0.3 3 7
0.3 5 7
0.3 7 8

0 198 111 330 138 118 246 304 336 254 
198 0 176 99 243 241 291 104 255 365 
111 176 0 418 167 176 332 192 454 71 
330 99 418 0 434 364 132 436 484 371 
138 243 167 434 0 242 471 493 72 298 
118 241 176 364 242 0 387 61 129 139 
246 291 332 132 471 387 0 345 70 319 
304 104 192 436 493 61 345 0 122 180 
336 255 454 484 72 129 70 122 0 210 
254 365 71 371 298 139 319 180 210 0 

273.24 0 6
273.24 1 4
273.24 2 5
273.24 3 7
273.24 4 5
273.24 5 6
273.24 6 7
273.24 7 5
273.24 8 3
273.24 9 5
