50 50 3 245

0.25 0 9
0.25 0 11
0.25 0 27
0.25 0 29
0.25 0 33
0.25 0 40
0.25 0 41
0.25 0 45
0.25 1 2
0.25 1 14
0.25 1 15
0.25 1 16
0.25 1 17
0.25 1 25
0.25 1 41
0.25 1 45
0.25 1 46
0.25 1 48
0.25 2 6
0.25 2 7
0.25 2 11
0.25 2 16
0.25 2 17
0.25 2 27
0.25 2 36
0.25 2 38
0.25 3 4
0.25 3 13
0.25 3 16
0.25 3 20
0.25 3 30
0.25 3 34
0.25 3 40
0.25 3 42
0.25 3 47
0.25 3 48
0.25 3 49
0.25 4 9
0.25 4 10
0.25 4 11
0.25 4 15
0.25 4 23
0.25 4 24
0.25 4 28
0.25 4 40
0.25 4 45
0.25 4 47
0.25 4 49
0.25 5 6
0.25 5 12
0.25 5 13
0.25 5 21
0.25 5 26
0.25 5 32
0.25 5 36
0.25 5 37
0.25 5 46
0.25 6 9
0.25 6 10
0.25 6 22
0.25 6 32
0.25 6 35
0.25 6 37
0.25 6 45
0.25 7 10
0.25 7 11
0.25 7 17
0.25 7 22
0.25 7 25
0.25 7 38
0.25 7 39
0.25 7 41
0.25 7 44
0.25 7 47
0.25 8 13
0.25 8 15
0.25 8 22
0.25 8 27
0.25 8 29
0.25 8 33
0.25 8 43
0.25 8 47
0.25 8 49
0.25 9 27
0.25 9 28
0.25 9 30
0.25 9 42
0.25 9 43
0.25 9 47
0.25 9 48
0.25 10 15
0.25 10 16
0.25 10 19
0.25 10 24
0.25 10 33
0.25 10 45
0.25 10 46
0.25 11 16
0.25 11 21
0.25 11 23
0.25 11 24
0.25 11 27
0.25 11 28
0.25 11 43
0.25 11 47
0.25 12 15
0.25 12 16
0.25 12 25
0.25 12 28
0.25 12 29
0.25 12 30
0.25 12 32
0.25 12 33
0.25 12 39
0.25 12 43
0.25 12 46
0.25 13 26
0.25 13 35
0.25 13 37
0.25 13 41
0.25 13 43
0.25 13 44
0.25 13 48
0.25 14 20
0.25 14 30
0.25 14 35
0.25 14 42
0.25 14 44
0.25 14 47
0.25 14 49
0.25 15 16
0.25 15 41
0.25 16 24
0.25 16 35
0.25 16 42
0.25 16 43
0.25 16 49
0.25 17 18
0.25 17 26
0.25 17 27
0.25 17 31
0.25 17 33
0.25 17 35
0.25 17 39
0.25 18 25
0.25 18 29
0.25 18 30
0.25 18 32
0.25 18 35
0.25 18 36
0.25 19 20
0.25 19 26
0.25 19 27
0.25 19 28
0.25 19 42
0.25 19 45
0.25 19 49
0.25 20 22
0.25 20 32
0.25 20 45
0.25 20 46
0.25 20 48
0.25 21 33
0.25 21 38
0.25 21 48
0.25 22 27
0.25 22 29
0.25 22 31
0.25 22 40
0.25 22 48
0.25 23 26
0.25 23 33
0.25 23 39
0.25 23 42
0.25 24 28
0.25 24 36
0.25 24 39
0.25 24 45
0.25 24 46
0.25 25 28
0.25 25 35
0.25 25 36
0.25 25 40
0.25 25 45
0.25 25 46
0.25 25 47
0.25 26 27
0.25 26 29
0.25 26 31
0.25 26 42
0.25 27 34
0.25 27 45
0.25 27 47
0.25 28 30
0.25 28 40
0.25 28 41
0.25 28 42
0.25 28 45
0.25 29 39
0.25 29 44
0.25 30 32
0.25 30 38
0.25 30 47
0.25 31 33
0.25 31 36
0.25 31 38
0.25 31 44
0.25 31 49
0.25 32 39
0.25 32 47
0.25 33 36
0.25 33 38
0.25 33 40
0.25 33 41
0.25 33 42
0.25 33 47
0.25 33 49
0.25 34 35
0.25 34 42
0.25 34 44
0.25 34 46
0.25 34 48
0.25 34 49
0.25 35 41
0.25 35 42
0.25 35 44
0.25 36 47
0.25 37 39
0.25 37 40
0.25 37 41
0.25 37 46
0.25 38 40
0.25 38 41
0.25 38 47
0.25 39 48
0.25 40 41
0.25 40 43
0.25 41 43
0.25 41 44
0.25 43 47
0.25 43 49
0.25 45 49
0.25 46 48
0.25 47 48
0.25 48 49

0 426 122 347 331 265 311 153 331 92 68 96 79 301 412 493 217 159 282 435 172 471 433 206 216 420 485 242 230 228 254 386 156 418 306 261 378 80 296 181 417 298 322 115 247 374 160 329 115 195 
426 0 94 445 87 373 197 246 452 347 414 455 421 430 226 332 340 188 158 241 321 129 224 499 438 77 130 154 134 61 193 479 88 483 379 413 88 341 126 65 189 323 243 241 278 128 428 57 72 424 
122 94 0 357 87 341 309 305 435 468 403 211 319 472 230 456 206 134 406 279 455 432 495 445 279 73 328 377 137 148 233 213 103 472 262 83 400 200 289 199 161 444 345 187 296 55 311 207 102 365 
347 445 357 0 260 318 497 120 464 336 83 296 497 460 60 103 393 212 204 171 380 429 159 145 218 258 122 116 75 408 265 325 432 406 86 369 444 63 295 475 370 488 201 475 161 61 207 453 127 158 
331 87 87 260 0 153 100 99 280 313 166 493 257 278 105 339 276 233 106 79 125 241 346 200 362 412 326 126 327 145 498 450 489 453 251 216 338 336 91 453 401 392 227 280 374 390 303 194 271 419 
265 373 341 318 153 0 109 107 235 232 209 369 131 448 201 385 216 469 89 401 470 321 452 215 290 156 301 361 241 235 347 418 471 281 454 358 68 200 345 65 352 496 96 445 261 78 122 93 284 457 
311 197 309 497 100 109 0 494 310 208 142 438 436 121 296 74 448 444 128 191 237 496 366 91 241 312 248 403 402 189 117 171 309 166 402 241 413 242 241 249 167 286 436 105 417 455 52 111 184 361 
153 246 305 120 99 107 494 0 431 153 270 456 171 175 476 54 427 237 236 118 264 258 367 446 234 334 353 404 149 178 439 66 54 242 303 360 475 431 114 144 111 195 133 149 286 237 90 444 247 322 
331 452 435 464 280 235 310 431 0 256 406 148 235 494 470 163 218 338 399 450 143 364 305 375 202 300 324 190 73 182 242 356 83 366 118 300 484 303 422 119 487 459 393 412 336 298 58 416 498 241 
92 347 468 336 313 232 208 153 256 0 398 172 191 283 499 472 180 171 51 275 195 130 396 474 239 297 456 228 469 297 245 119 379 346 373 169 496 292 92 359 398 223 218 169 306 139 359 186 106 422 
68 414 403 83 166 209 142 270 406 398 0 265 396 93 232 126 153 313 304 401 280 71 338 169 385 258 471 204 258 484 328 469 229 165 194 469 294 466 137 147 299 305 207 97 308 180 119 397 483 159 
96 455 211 296 493 369 438 456 148 172 265 0 355 289 101 495 216 333 309 459 430 242 140 125 297 368 186 388 427 413 245 183 423 264 442 431 228 106 438 453 424 192 310 359 182 414 111 364 356 83 
79 421 319 497 257 131 436 171 235 191 396 355 0 275 434 221 362 343 358 406 129 402 327 132 390 293 268 287 158 472 436 314 399 184 222 465 145 447 160 54 239 357 158 124 457 70 473 76 73 250 
301 430 472 460 278 448 121 175 494 283 93 289 275 0 110 115 411 134 433 183 471 476 473 465 100 449 61 234 192 241 240 404 132 167 159 377 397 317 275 485 363 379 173 318 242 243 438 172 221 97 
412 226 230 60 105 201 296 476 470 499 232 101 434 110 0 87 357 126 418 116 415 121 331 76 94 102 437 344 337 95 216 129 52 350 181 319 344 371 192 298 102 484 203 423 431 93 296 164 66 442 
493 332 456 103 339 385 74 54 163 472 126 495 221 115 87 0 422 59 252 67 457 233 147 204 335 445 271 464 253 337 176 481 379 259 346 489 328 352 347 455 92 496 88 415 258 125 284 462 75 307 
217 340 206 393 276 216 448 427 218 180 153 216 362 411 357 422 0 424 66 93 256 446 224 88 181 188 269 370 429 383 285 286 125 240 201 394 304 316 404 184 97 78 308 146 432 59 310 57 211 87 
159 188 134 212 233 469 444 237 338 171 313 333 343 134 126 59 424 0 336 379 71 64 296 88 274 437 304 318 70 383 52 365 367 418 182 153 449 66 297 73 257 407 374 466 312 341 110 98 140 184 
282 158 406 204 106 89 128 236 399 51 304 309 358 433 418 252 66 336 0 106 354 447 218 100 210 448 64 475 96 89 266 239 118 92 74 166 352 117 177 482 438 347 163 99 317 169 173 207 481 378 
435 241 279 171 79 401 191 118 450 275 401 459 406 183 116 67 93 379 106 0 80 88 305 132 256 284 218 306 392 67 374 51 126 50 67 233 108 432 196 438 404 76 260 412 443 311 187 306 308 311 
172 321 455 380 125 470 237 264 143 195 280 430 129 471 415 457 256 71 354 80 0 209 317 178 112 487 112 88 147 159 91 238 311 229 127 201 198 255 388 342 478 367 114 124 141 139 180 493 464 59 
471 129 432 429 241 321 496 258 364 130 71 242 402 476 121 233 446 64 447 88 209 0 166 133 382 492 459 244 120 135 283 281 105 159 177 398 293 481 139 113 428 211 242 183 269 288 403 476 496 158 
433 224 495 159 346 452 366 367 305 396 338 140 327 473 331 147 224 296 218 305 317 166 0 104 490 325 112 317 367 410 484 285 117 239 133 317 440 179 243 179 124 441 241 72 185 437 93 106 141 81 
206 499 445 145 200 215 91 446 375 474 169 125 132 465 76 204 88 88 100 132 178 133 104 0 267 374 500 309 159 463 383 428 239 153 98 305 266 155 444 146 135 467 248 140 443 356 166 477 252 198 
216 438 279 218 362 290 241 234 202 239 385 297 390 100 94 335 181 274 210 256 112 382 490 267 0 265 163 412 158 205 192 163 425 116 75 250 165 124 276 235 188 187 64 445 166 322 125 57 404 127 
420 77 73 258 412 156 312 334 300 297 258 368 293 449 102 445 188 437 448 284 487 492 325 374 265 0 346 379 317 483 446 183 251 264 134 442 239 85 77 448 200 224 113 228 225 103 453 423 78 365 
485 130 328 122 326 301 248 353 324 456 471 186 268 61 437 271 269 304 64 218 112 459 112 500 163 346 0 475 426 122 294 130 319 192 398 382 414 384 96 396 424 429 134 299 357 164 449 286 355 115 
242 154 377 116 126 361 403 404 190 228 204 388 287 234 344 464 370 318 475 306 88 244 317 309 412 379 475 0 174 69 381 164 88 294 353 362 248 462 112 150 352 221 122 95 424 369 184 358 337 61 
230 134 137 75 327 241 402 149 73 469 258 427 158 192 337 253 429 70 96 392 147 120 367 159 158 317 426 174 0 299 274 271 472 350 419 166 194 97 376 271 291 124 337 240 348 479 69 468 136 420 
228 61 148 408 145 235 189 178 182 297 484 413 472 241 95 337 383 383 89 67 159 135 410 463 205 483 122 69 299 0 70 354 379 120 371 93 143 106 242 490 254 453 185 175 317 105 301 483 329 58 
254 193 233 265 498 347 117 439 242 245 328 245 436 240 216 176 285 52 266 374 91 283 484 383 192 446 294 381 274 70 0 184 222 128 161 441 200 431 305 464 158 485 109 109 297 166 229 211 232 118 
386 479 213 325 450 418 171 66 356 119 469 183 314 404 129 481 286 365 239 51 238 281 285 428 163 183 130 164 271 354 184 0 334 474 224 133 279 128 171 158 208 373 159 305 94 108 386 296 409 115 
156 88 103 432 489 471 309 54 83 379 229 423 399 132 52 379 125 367 118 126 311 105 117 239 425 251 319 88 472 379 222 334 0 102 456 456 181 397 319 54 149 482 378 122 95 183 435 490 351 432 
418 483 472 406 453 281 166 242 366 346 165 264 184 167 350 259 240 418 92 50 229 159 239 153 116 264 192 294 350 120 128 474 102 0 373 474 306 337 93 370 476 184 160 246 299 378 246 368 284 434 
306 379 262 86 251 454 402 303 118 373 194 442 222 159 181 346 201 182 74 67 127 177 133 98 75 134 398 353 419 371 161 224 456 373 0 452 222 348 416 132 284 116 66 486 412 119 92 248 486 430 
261 413 83 369 216 358 241 360 300 169 469 431 465 377 319 489 394 153 166 233 201 398 317 305 250 442 382 362 166 93 441 133 456 474 452 0 469 440 116 457 256 373 311 352 175 279 237 391 121 351 
378 88 400 444 338 68 413 475 484 496 294 228 145 397 344 328 304 449 352 108 198 293 440 266 165 239 414 248 194 143 200 279 181 306 222 469 0 487 144 141 328 386 206 397 60 406 318 167 274 146 
80 341 200 63 336 200 242 431 303 292 466 106 447 317 371 352 316 66 117 432 255 481 179 155 124 85 384 462 97 106 431 128 397 337 348 440 487 0 157 331 401 108 452 90 84 280 301 65 376 497 
296 126 289 295 91 345 241 114 422 92 137 438 160 275 192 347 404 297 177 196 388 139 243 444 276 77 96 112 376 242 305 171 319 93 416 116 144 157 0 307 73 67 151 207 411 467 485 334 74 379 
181 65 199 475 453 65 249 144 119 359 147 453 54 485 298 455 184 73 482 438 342 113 179 146 235 448 396 150 271 490 464 158 54 370 132 457 141 331 307 0 314 345 305 308 102 203 82 82 271 93 
417 189 161 370 401 352 167 111 487 398 299 424 239 363 102 92 97 257 438 404 478 428 124 135 188 200 424 352 291 254 158 208 149 476 284 256 328 401 73 314 0 281 377 417 341 125 159 408 432 419 
298 323 444 488 392 496 286 195 459 223 305 192 357 379 484 496 78 407 347 76 367 211 441 467 187 224 429 221 124 453 485 373 482 184 116 373 386 108 67 345 281 0 308 254 425 353 103 230 263 244 
322 243 345 201 227 96 436 133 393 218 207 310 158 173 203 88 308 374 163 260 114 242 241 248 64 113 134 122 337 185 109 159 378 160 66 311 206 452 151 305 377 308 0 167 441 116 144 153 126 126 
115 241 187 475 280 445 105 149 412 169 97 359 124 318 423 415 146 466 99 412 124 183 72 140 445 228 299 95 240 175 109 305 122 246 486 352 397 90 207 308 417 254 167 0 297 353 339 434 211 168 
247 278 296 161 374 261 417 286 336 306 308 182 457 242 431 258 432 312 317 443 141 269 185 443 166 225 357 424 348 317 297 94 95 299 412 175 60 84 411 102 341 425 441 297 0 95 247 108 434 291 
374 128 55 61 390 78 455 237 298 139 180 414 70 243 93 125 59 341 169 311 139 288 437 356 322 103 164 369 479 105 166 108 183 378 119 279 406 280 467 203 125 353 116 353 95 0 146 267 349 275 
160 428 311 207 303 122 52 90 58 359 119 111 473 438 296 284 310 110 173 187 180 403 93 166 125 453 449 184 69 301 229 386 435 246 92 237 318 301 485 82 159 103 144 339 247 146 0 395 444 426 
329 57 207 453 194 93 111 444 416 186 397 364 76 172 164 462 57 98 207 306 493 476 106 477 57 423 286 358 468 483 211 296 490 368 248 391 167 65 334 82 408 230 153 434 108 267 395 0 351 328 
115 72 102 127 271 284 184 247 498 106 483 356 73 221 66 75 211 140 481 308 464 496 141 252 404 78 355 337 136 329 232 409 351 284 486 121 274 376 74 271 432 263 126 211 434 349 444 351 0 165 
195 424 365 158 419 457 361 322 241 422 159 83 250 97 442 307 87 184 378 311 59 158 81 198 127 365 115 61 420 58 118 115 432 434 430 351 146 497 379 93 419 244 126 168 291 275 426 328 165 0 

1022.34 0 6
1022.34 1 25
1022.34 2 4
1022.34 3 37
1022.34 4 25
1022.34 5 4
1022.34 6 33
1022.34 7 33
1022.34 8 25
1022.34 9 46
1022.34 10 44
1022.34 11 34
1022.34 12 41
1022.34 13 33
1022.34 14 5
1022.34 15 19
1022.34 16 41
1022.34 17 20
1022.34 18 31
1022.34 19 21
1022.34 20 11
1022.34 21 19
1022.34 22 48
1022.34 23 48
1022.34 24 23
1022.34 25 9
1022.34 26 8
1022.34 27 22
1022.34 28 20
1022.34 29 19
1022.34 30 6
1022.34 31 26
1022.34 32 0
1022.34 33 16
1022.34 34 19
1022.34 35 25
1022.34 36 20
1022.34 37 4
1022.34 38 9
1022.34 39 45
1022.34 40 1
1022.34 41 10
1022.34 42 36
1022.34 43 47
1022.34 44 43
1022.34 45 46
1022.34 46 22
1022.34 47 40
1022.34 48 17
1022.34 49 4
