10 10 4 9

0.4 0 7
0.4 0 8
0.4 1 7
0.4 1 8
0.4 2 9
0.4 3 4
0.4 5 8
0.4 5 9
0.4 7 9

0 110 175 374 186 156 253 303 359 285 
110 0 203 169 305 82 289 418 115 184 
175 203 0 274 470 203 429 473 151 127 
374 169 274 0 486 86 168 199 419 254 
186 305 470 486 0 212 221 100 447 376 
156 82 203 86 212 0 293 337 305 440 
253 289 429 168 221 293 0 390 292 494 
303 418 473 199 100 337 390 0 115 78 
359 115 151 419 447 305 292 115 0 476 
285 184 127 254 376 440 494 78 476 0 

490.5 0 1
490.5 1 5
490.5 2 5
490.5 3 5
490.5 4 7
490.5 5 8
490.5 6 2
490.5 7 8
490.5 8 1
490.5 9 1
