20 20 4 47

0.4 0 7
0.4 0 9
0.4 0 11
0.4 0 14
0.4 1 6
0.4 1 15
0.4 1 18
0.4 1 19
0.4 2 12
0.4 2 13
0.4 2 15
0.4 2 17
0.4 3 8
0.4 3 10
0.4 3 14
0.4 3 15
0.4 4 5
0.4 4 13
0.4 4 18
0.4 5 10
0.4 5 14
0.4 5 15
0.4 6 8
0.4 6 12
0.4 6 17
0.4 6 19
0.4 7 8
0.4 7 9
0.4 7 14
0.4 7 15
0.4 7 17
0.4 8 10
0.4 8 11
0.4 8 12
0.4 8 14
0.4 8 15
0.4 8 17
0.4 9 18
0.4 10 11
0.4 10 16
0.4 10 18
0.4 11 14
0.4 11 15
0.4 12 17
0.4 13 18
0.4 14 15
0.4 17 18

0 234 327 115 388 69 128 390 154 352 145 290 382 302 391 162 171 162 135 350 
234 0 120 160 489 119 109 223 146 461 143 350 415 119 170 421 292 457 442 338 
327 120 0 89 232 470 403 232 486 485 393 405 287 348 174 350 328 380 210 363 
115 160 89 0 173 368 69 81 94 290 254 317 366 288 484 347 291 215 152 403 
388 489 232 173 0 287 143 435 179 133 163 210 204 230 234 223 416 386 380 161 
69 119 470 368 287 0 200 356 105 53 487 257 126 106 207 175 67 55 490 385 
128 109 403 69 143 200 0 320 366 359 405 302 125 203 365 194 231 359 485 326 
390 223 232 81 435 356 320 0 496 309 259 462 63 279 148 461 330 347 416 481 
154 146 486 94 179 105 366 496 0 127 209 386 385 346 445 111 382 116 263 415 
352 461 485 290 133 53 359 309 127 0 343 113 203 52 437 457 86 315 58 122 
145 143 393 254 163 487 405 259 209 343 0 327 365 184 59 164 274 217 217 81 
290 350 405 317 210 257 302 462 386 113 327 0 479 162 70 341 74 163 264 115 
382 415 287 366 204 126 125 63 385 203 365 479 0 213 61 302 95 324 301 160 
302 119 348 288 230 106 203 279 346 52 184 162 213 0 279 373 50 296 247 166 
391 170 174 484 234 207 365 148 445 437 59 70 61 279 0 231 86 100 132 263 
162 421 350 347 223 175 194 461 111 457 164 341 302 373 231 0 80 201 465 76 
171 292 328 291 416 67 231 330 382 86 274 74 95 50 86 80 0 88 126 268 
162 457 380 215 386 55 359 347 116 315 217 163 324 296 100 201 88 0 298 142 
135 442 210 152 380 490 485 416 263 58 217 264 301 247 132 465 126 298 0 66 
350 338 363 403 161 385 326 481 415 122 81 115 160 166 263 76 268 142 66 0 

690.5 0 1
690.5 1 12
690.5 2 1
690.5 3 8
690.5 4 5
690.5 5 11
690.5 6 8
690.5 7 6
690.5 8 0
690.5 9 17
690.5 10 16
690.5 11 9
690.5 12 13
690.5 13 2
690.5 14 6
690.5 15 13
690.5 16 8
690.5 17 6
690.5 18 5
690.5 19 4
