50 50 3 122

0.2 0 2
0.2 0 7
0.2 0 39
0.2 1 11
0.2 1 14
0.2 1 20
0.2 1 33
0.2 1 40
0.2 2 13
0.2 2 42
0.2 2 49
0.2 3 6
0.2 3 14
0.2 3 20
0.2 3 27
0.2 3 41
0.2 3 45
0.2 4 19
0.2 4 22
0.2 4 25
0.2 4 40
0.2 4 49
0.2 5 11
0.2 5 17
0.2 5 24
0.2 5 42
0.2 6 9
0.2 6 10
0.2 6 25
0.2 6 35
0.2 6 46
0.2 6 47
0.2 7 13
0.2 7 19
0.2 7 21
0.2 7 24
0.2 7 29
0.2 7 45
0.2 8 12
0.2 8 18
0.2 8 38
0.2 8 39
0.2 9 32
0.2 9 38
0.2 10 18
0.2 10 24
0.2 10 39
0.2 11 14
0.2 11 33
0.2 11 42
0.2 11 49
0.2 12 26
0.2 12 37
0.2 12 42
0.2 13 23
0.2 13 33
0.2 14 20
0.2 14 31
0.2 14 33
0.2 14 41
0.2 14 47
0.2 15 19
0.2 15 25
0.2 15 29
0.2 15 30
0.2 16 32
0.2 16 45
0.2 17 41
0.2 19 20
0.2 19 36
0.2 19 40
0.2 19 47
0.2 20 37
0.2 20 46
0.2 20 47
0.2 20 49
0.2 21 27
0.2 21 48
0.2 22 29
0.2 22 31
0.2 22 33
0.2 22 44
0.2 23 34
0.2 23 48
0.2 23 49
0.2 24 34
0.2 24 37
0.2 24 38
0.2 24 42
0.2 24 43
0.2 25 28
0.2 25 36
0.2 25 43
0.2 25 48
0.2 26 28
0.2 26 29
0.2 26 32
0.2 26 43
0.2 26 45
0.2 27 29
0.2 27 36
0.2 27 40
0.2 27 42
0.2 28 33
0.2 28 35
0.2 28 36
0.2 29 32
0.2 29 33
0.2 29 37
0.2 29 43
0.2 29 44
0.2 30 42
0.2 32 41
0.2 35 39
0.2 36 40
0.2 36 42
0.2 37 40
0.2 39 44
0.2 39 46
0.2 39 48
0.2 42 44
0.2 44 49

0 212 145 358 236 440 155 234 460 215 494 374 327 245 448 242 88 407 425 398 447 240 59 230 357 260 57 113 197 176 414 275 326 270 442 321 418 399 228 331 260 160 335 201 289 479 425 171 382 446 
212 0 300 427 283 105 245 235 455 178 477 272 94 322 84 259 334 490 101 278 95 267 184 150 369 262 399 151 166 331 294 476 74 89 423 397 363 141 242 368 244 88 104 396 123 314 427 260 459 331 
145 300 0 264 385 169 211 254 446 428 350 216 385 172 389 98 470 118 160 382 466 175 385 172 113 144 370 324 215 83 136 183 432 116 247 450 494 368 141 127 474 169 454 272 290 499 352 461 313 484 
358 427 264 0 368 80 301 450 378 306 205 275 461 256 336 381 123 287 437 463 181 84 257 140 210 278 395 378 471 79 245 117 394 184 95 489 474 98 224 74 353 433 82 320 186 367 415 151 138 180 
236 283 385 368 0 427 456 76 306 496 484 438 350 262 414 454 429 444 294 467 127 448 168 377 267 224 109 222 436 448 84 427 207 394 258 367 394 430 240 57 156 56 188 152 270 186 265 436 190 336 
440 105 169 80 427 0 79 72 245 124 61 377 136 96 352 370 306 194 147 183 414 368 257 97 217 318 118 87 316 249 372 217 355 154 357 343 320 202 270 408 274 290 96 174 152 89 266 80 131 314 
155 245 211 301 456 79 0 402 235 361 441 428 84 208 369 53 243 290 318 151 145 186 177 387 204 475 155 483 50 256 399 439 88 336 461 401 123 187 325 449 233 417 420 483 246 293 230 231 360 91 
234 235 254 450 76 72 402 0 439 164 217 315 418 406 214 209 281 359 200 400 387 496 493 165 108 287 77 91 70 383 283 81 446 404 471 106 396 106 440 403 104 451 91 456 103 128 490 273 421 307 
460 455 446 378 306 245 235 439 0 154 246 182 457 176 443 339 381 483 77 367 61 497 475 279 397 186 212 188 488 64 127 206 60 416 393 325 443 315 61 191 140 455 435 146 279 126 89 135 484 66 
215 178 428 306 496 124 361 164 154 0 194 379 189 430 330 306 407 302 478 293 99 81 447 153 304 87 383 298 294 464 488 273 311 56 413 326 131 290 368 94 193 197 308 335 108 490 425 490 279 257 
494 477 350 205 484 61 441 217 246 194 0 257 411 121 270 123 430 433 82 355 263 435 439 299 230 447 251 159 52 403 53 276 221 330 483 394 334 291 488 181 495 63 414 64 271 451 396 53 109 170 
374 272 216 275 438 377 428 315 182 379 257 0 189 401 78 244 210 434 242 345 397 444 448 164 488 160 236 500 286 259 297 209 426 246 483 52 139 422 434 143 280 102 167 433 252 78 326 164 260 474 
327 94 385 461 350 136 84 418 457 189 411 189 0 124 364 432 176 233 465 231 203 126 328 116 181 254 357 82 433 257 147 69 331 306 426 417 177 151 331 206 323 81 165 446 324 245 290 220 341 259 
245 322 172 256 262 96 208 406 176 430 121 401 124 0 187 260 459 192 102 487 491 156 230 174 485 357 488 77 57 162 262 373 300 139 338 58 163 494 424 94 468 248 414 469 88 206 493 294 391 282 
448 84 389 336 414 352 369 214 443 330 270 78 364 187 0 316 281 456 148 396 485 124 151 371 130 218 372 382 395 495 54 178 103 62 472 232 153 85 189 173 171 377 169 384 197 453 259 327 362 67 
242 259 98 381 454 370 53 209 339 306 123 244 432 260 316 0 70 272 455 342 166 411 195 243 52 358 151 490 432 396 466 73 110 149 385 196 479 337 283 449 484 143 50 398 278 294 479 442 280 219 
88 334 470 123 429 306 243 281 381 407 430 210 176 459 281 70 0 232 377 423 214 70 366 373 263 367 190 263 89 169 463 338 137 490 408 95 401 98 146 160 445 180 196 441 182 67 360 215 433 450 
407 490 118 287 444 194 290 359 483 302 433 434 233 192 456 272 232 0 385 189 167 426 147 101 233 155 238 446 179 145 156 140 401 460 473 330 154 422 279 461 458 404 213 156 166 283 378 172 180 200 
425 101 160 437 294 147 318 200 77 478 82 242 465 102 148 455 377 385 0 439 267 297 192 189 301 345 111 234 70 84 134 180 447 120 73 64 497 256 246 234 281 389 146 353 90 338 480 272 321 76 
398 278 382 463 467 183 151 400 367 293 355 345 231 487 396 342 423 189 439 0 320 288 398 311 133 498 253 342 78 415 108 178 265 51 87 352 164 230 405 433 357 389 473 127 427 207 226 50 167 248 
447 95 466 181 127 414 145 387 61 99 263 397 203 491 485 166 214 167 267 320 0 476 288 255 299 346 407 303 148 481 190 405 305 189 392 287 236 256 207 423 148 373 146 421 443 109 364 232 479 399 
240 267 175 84 448 368 186 496 497 81 435 444 126 156 124 411 70 426 297 288 476 0 342 224 181 425 419 374 222 104 499 76 474 424 369 295 348 246 80 267 178 477 109 363 331 275 374 318 298 305 
59 184 385 257 168 257 177 493 475 447 439 448 328 230 151 195 366 147 192 398 288 342 0 247 211 500 120 79 262 443 295 383 354 212 100 311 180 223 293 185 478 358 130 218 247 117 337 272 330 443 
230 150 172 140 377 97 387 165 279 153 299 164 116 174 371 243 373 101 189 311 255 224 247 0 248 315 268 364 196 129 244 200 211 139 458 57 420 384 116 211 118 500 405 474 165 245 349 281 412 376 
357 369 113 210 267 217 204 108 397 304 230 488 181 485 130 52 263 233 301 133 299 181 211 248 0 365 470 127 475 276 197 478 451 62 73 131 182 256 338 478 355 295 455 59 452 200 102 403 472 348 
260 262 144 278 224 318 475 287 186 87 447 160 254 357 218 358 367 155 345 498 346 425 500 315 365 0 117 192 343 412 374 79 383 360 460 352 127 102 286 337 433 386 452 110 500 287 74 419 497 398 
57 399 370 395 109 118 155 77 212 383 251 236 357 488 372 151 190 238 111 253 407 419 120 268 470 117 0 490 433 482 226 280 198 205 63 66 284 429 116 91 320 76 453 239 256 159 79 432 215 400 
113 151 324 378 222 87 483 91 188 298 159 500 82 77 382 490 263 446 234 342 303 374 79 364 127 192 490 0 338 457 315 203 360 203 337 478 287 335 256 412 296 94 266 455 425 147 231 69 364 282 
197 166 215 471 436 316 50 70 488 294 52 286 433 57 395 432 89 179 70 78 148 222 262 196 475 343 433 338 0 461 112 101 190 106 335 127 178 388 327 434 52 146 273 144 99 434 290 112 457 213 
176 331 83 79 448 249 256 383 64 464 403 259 257 162 495 396 169 145 84 415 481 104 443 129 276 412 482 457 461 0 182 342 246 107 303 448 60 203 253 397 470 120 249 469 361 482 212 332 52 203 
414 294 136 245 84 372 399 283 127 488 53 297 147 262 54 466 463 156 134 108 190 499 295 244 197 374 226 315 112 182 0 92 402 376 190 364 380 100 82 171 138 434 187 313 331 161 65 152 405 149 
275 476 183 117 427 217 439 81 206 273 276 209 69 373 178 73 338 140 180 178 405 76 383 200 478 79 280 203 101 342 92 0 467 82 276 155 95 494 54 471 469 256 107 295 338 413 215 233 338 366 
326 74 432 394 207 355 88 446 60 311 221 426 331 300 103 110 137 401 447 265 305 474 354 211 451 383 198 360 190 246 402 467 0 146 432 344 373 50 445 471 421 158 59 120 434 51 139 92 461 241 
270 89 116 184 394 154 336 404 416 56 330 246 306 139 62 149 490 460 120 51 189 424 212 139 62 360 205 203 106 107 376 82 146 0 387 70 129 419 380 249 319 102 140 291 120 366 124 112 218 339 
442 423 247 95 258 357 461 471 393 413 483 483 426 338 472 385 408 473 73 87 392 369 100 458 73 460 63 337 335 303 190 276 432 387 0 143 68 91 228 496 322 189 347 114 230 486 336 90 182 496 
321 397 450 489 367 343 401 106 325 326 394 52 417 58 232 196 95 330 64 352 287 295 311 57 131 352 66 478 127 448 364 155 344 70 143 0 266 430 391 234 76 164 197 223 410 394 354 478 151 76 
418 363 494 474 394 320 123 396 443 131 334 139 177 163 153 479 401 154 497 164 236 348 180 420 182 127 284 287 178 60 380 95 373 129 68 266 0 327 356 363 92 342 186 415 429 405 96 142 299 359 
399 141 368 98 430 202 187 106 315 290 291 422 151 494 85 337 98 422 256 230 256 246 223 384 256 102 429 335 388 203 100 494 50 419 91 430 327 0 260 200 261 312 266 303 426 279 65 478 493 294 
228 242 141 224 240 270 325 440 61 368 488 434 331 424 189 283 146 279 246 405 207 80 293 116 338 286 116 256 327 253 82 54 445 380 228 391 356 260 0 343 338 322 238 385 464 473 99 457 278 333 
331 368 127 74 57 408 449 403 191 94 181 143 206 94 173 449 160 461 234 433 423 267 185 211 478 337 91 412 434 397 171 471 471 249 496 234 363 200 343 0 390 296 327 267 415 482 135 434 489 376 
260 244 474 353 156 274 233 104 140 193 495 280 323 468 171 484 445 458 281 357 148 178 478 118 355 433 320 296 52 470 138 469 421 319 322 76 92 261 338 390 0 215 73 344 240 475 197 467 478 50 
160 88 169 433 56 290 417 451 455 197 63 102 81 248 377 143 180 404 389 389 373 477 358 500 295 386 76 94 146 120 434 256 158 102 189 164 342 312 322 296 215 0 359 155 441 179 445 461 337 209 
335 104 454 82 188 96 420 91 435 308 414 167 165 414 169 50 196 213 146 473 146 109 130 405 455 452 453 266 273 249 187 107 59 140 347 197 186 266 238 327 73 359 0 406 166 266 411 97 248 105 
201 396 272 320 152 174 483 456 146 335 64 433 446 469 384 398 441 156 353 127 421 363 218 474 59 110 239 455 144 469 313 295 120 291 114 223 415 303 385 267 344 155 406 0 64 427 437 393 74 466 
289 123 290 186 270 152 246 103 279 108 271 252 324 88 197 278 182 166 90 427 443 331 247 165 452 500 256 425 99 361 331 338 434 120 230 410 429 426 464 415 240 441 166 64 0 335 194 461 228 441 
479 314 499 367 186 89 293 128 126 490 451 78 245 206 453 294 67 283 338 207 109 275 117 245 200 287 159 147 434 482 161 413 51 366 486 394 405 279 473 482 475 179 266 427 335 0 376 130 316 122 
425 427 352 415 265 266 230 490 89 425 396 326 290 493 259 479 360 378 480 226 364 374 337 349 102 74 79 231 290 212 65 215 139 124 336 354 96 65 99 135 197 445 411 437 194 376 0 335 304 391 
171 260 461 151 436 80 231 273 135 490 53 164 220 294 327 442 215 172 272 50 232 318 272 281 403 419 432 69 112 332 152 233 92 112 90 478 142 478 457 434 467 461 97 393 461 130 335 0 367 390 
382 459 313 138 190 131 360 421 484 279 109 260 341 391 362 280 433 180 321 167 479 298 330 412 472 497 215 364 457 52 405 338 461 218 182 151 299 493 278 489 478 337 248 74 228 316 304 367 0 479 
446 331 484 180 336 314 91 307 66 257 170 474 259 282 67 219 450 200 76 248 399 305 443 376 348 398 400 282 213 203 149 366 241 339 496 76 359 294 333 376 50 209 105 466 441 122 391 390 479 0 

739.25 0 25
739.25 1 8
739.25 2 46
739.25 3 45
739.25 4 6
739.25 5 6
739.25 6 21
739.25 7 34
739.25 8 4
739.25 9 4
739.25 10 26
739.25 11 23
739.25 12 26
739.25 13 3
739.25 14 2
739.25 15 29
739.25 16 8
739.25 17 10
739.25 18 1
739.25 19 43
739.25 20 17
739.25 21 22
739.25 22 17
739.25 23 12
739.25 24 19
739.25 25 45
739.25 26 48
739.25 27 28
739.25 28 43
739.25 29 39
739.25 30 18
739.25 31 24
739.25 32 4
739.25 33 15
739.25 34 25
739.25 35 15
739.25 36 22
739.25 37 3
739.25 38 0
739.25 39 31
739.25 40 7
739.25 41 31
739.25 42 10
739.25 43 38
739.25 44 35
739.25 45 12
739.25 46 18
739.25 47 48
739.25 48 27
739.25 49 24
