50 50 3 306

0.25 0 2
0.25 0 4
0.25 0 6
0.25 0 8
0.25 0 12
0.25 0 16
0.25 0 19
0.25 0 27
0.25 0 35
0.25 0 36
0.25 0 38
0.25 0 40
0.25 0 41
0.25 0 43
0.25 1 14
0.25 1 15
0.25 1 17
0.25 1 20
0.25 1 27
0.25 1 30
0.25 1 32
0.25 1 36
0.25 1 37
0.25 1 39
0.25 1 40
0.25 1 42
0.25 1 46
0.25 1 49
0.25 2 8
0.25 2 9
0.25 2 12
0.25 2 18
0.25 2 19
0.25 2 20
0.25 2 24
0.25 2 25
0.25 2 29
0.25 2 35
0.25 2 36
0.25 2 37
0.25 2 40
0.25 2 41
0.25 2 43
0.25 2 45
0.25 2 49
0.25 3 5
0.25 3 9
0.25 3 10
0.25 3 16
0.25 3 19
0.25 3 26
0.25 3 34
0.25 3 37
0.25 4 11
0.25 4 12
0.25 4 15
0.25 4 19
0.25 4 23
0.25 4 26
0.25 4 27
0.25 4 32
0.25 4 34
0.25 4 37
0.25 4 39
0.25 4 43
0.25 4 44
0.25 4 48
0.25 5 7
0.25 5 12
0.25 5 16
0.25 5 19
0.25 5 23
0.25 5 29
0.25 5 31
0.25 5 37
0.25 5 42
0.25 5 43
0.25 5 44
0.25 5 46
0.25 6 10
0.25 6 13
0.25 6 15
0.25 6 18
0.25 6 20
0.25 6 22
0.25 6 24
0.25 6 30
0.25 6 33
0.25 6 41
0.25 6 43
0.25 6 44
0.25 6 46
0.25 6 48
0.25 7 10
0.25 7 11
0.25 7 16
0.25 7 22
0.25 7 37
0.25 7 39
0.25 7 42
0.25 7 43
0.25 7 49
0.25 8 9
0.25 8 12
0.25 8 13
0.25 8 18
0.25 8 21
0.25 8 22
0.25 8 23
0.25 8 24
0.25 8 27
0.25 8 29
0.25 8 32
0.25 8 35
0.25 8 36
0.25 8 40
0.25 8 42
0.25 8 49
0.25 9 18
0.25 9 19
0.25 9 22
0.25 9 23
0.25 9 26
0.25 9 30
0.25 9 32
0.25 9 35
0.25 9 36
0.25 9 39
0.25 9 41
0.25 9 44
0.25 9 47
0.25 10 24
0.25 10 25
0.25 10 36
0.25 10 38
0.25 10 49
0.25 11 22
0.25 11 29
0.25 11 35
0.25 11 38
0.25 11 42
0.25 11 45
0.25 12 15
0.25 12 20
0.25 12 33
0.25 12 41
0.25 12 47
0.25 13 16
0.25 13 19
0.25 13 21
0.25 13 23
0.25 13 25
0.25 13 36
0.25 13 39
0.25 13 40
0.25 13 41
0.25 13 42
0.25 13 47
0.25 14 19
0.25 14 23
0.25 14 25
0.25 14 28
0.25 14 29
0.25 14 32
0.25 14 34
0.25 14 45
0.25 15 20
0.25 15 24
0.25 15 26
0.25 15 31
0.25 15 32
0.25 15 36
0.25 15 44
0.25 15 47
0.25 16 20
0.25 16 22
0.25 16 25
0.25 16 27
0.25 16 29
0.25 16 42
0.25 16 43
0.25 16 44
0.25 16 45
0.25 16 46
0.25 17 19
0.25 17 22
0.25 17 24
0.25 17 28
0.25 17 34
0.25 17 39
0.25 17 43
0.25 17 46
0.25 18 27
0.25 18 30
0.25 18 35
0.25 18 42
0.25 18 44
0.25 18 46
0.25 19 41
0.25 19 42
0.25 19 47
0.25 19 48
0.25 20 21
0.25 20 22
0.25 20 27
0.25 20 29
0.25 20 32
0.25 20 37
0.25 20 40
0.25 20 45
0.25 20 46
0.25 20 47
0.25 20 49
0.25 21 24
0.25 21 38
0.25 21 44
0.25 21 45
0.25 21 49
0.25 22 27
0.25 22 29
0.25 22 37
0.25 22 39
0.25 22 42
0.25 22 47
0.25 22 49
0.25 23 26
0.25 23 28
0.25 23 29
0.25 23 37
0.25 23 44
0.25 24 26
0.25 24 30
0.25 24 37
0.25 24 41
0.25 24 48
0.25 25 29
0.25 25 33
0.25 25 36
0.25 25 37
0.25 25 40
0.25 25 41
0.25 25 47
0.25 25 49
0.25 26 29
0.25 26 31
0.25 26 35
0.25 26 36
0.25 26 44
0.25 26 49
0.25 27 31
0.25 27 32
0.25 27 35
0.25 27 40
0.25 27 41
0.25 27 42
0.25 27 46
0.25 27 48
0.25 28 34
0.25 28 43
0.25 29 33
0.25 29 39
0.25 29 45
0.25 29 47
0.25 30 37
0.25 30 38
0.25 30 40
0.25 30 42
0.25 30 46
0.25 31 32
0.25 31 35
0.25 31 38
0.25 31 48
0.25 32 33
0.25 32 44
0.25 32 46
0.25 32 47
0.25 33 38
0.25 33 40
0.25 33 45
0.25 33 48
0.25 34 41
0.25 34 49
0.25 35 39
0.25 35 43
0.25 36 37
0.25 36 38
0.25 36 40
0.25 36 47
0.25 37 39
0.25 37 44
0.25 37 46
0.25 37 49
0.25 38 42
0.25 38 45
0.25 39 44
0.25 39 47
0.25 39 49
0.25 40 42
0.25 41 42
0.25 41 45
0.25 41 46
0.25 42 45
0.25 42 48
0.25 42 49
0.25 46 47
0.25 47 49

0 188 267 470 331 100 155 468 468 359 55 139 58 283 183 472 163 158 367 152 445 56 211 56 67 60 126 425 335 151 62 476 119 395 459 101 278 55 201 236 188 227 444 405 329 273 117 320 72 149 
188 0 343 281 139 156 238 166 434 369 63 273 451 404 134 209 248 195 190 383 269 400 359 276 407 339 170 360 231 485 346 382 439 477 259 280 192 208 370 416 368 431 278 484 312 92 53 117 474 493 
267 343 0 354 469 239 308 327 212 484 285 117 420 167 169 130 417 338 337 296 345 122 394 479 212 369 394 71 284 120 90 185 318 356 284 224 235 126 160 291 416 153 452 484 479 79 483 378 469 82 
470 281 354 0 389 307 178 274 362 327 69 219 248 424 53 484 454 348 250 67 365 350 198 69 217 245 278 481 236 192 253 272 98 174 280 56 82 378 433 165 56 387 50 459 471 346 257 111 186 350 
331 139 469 389 0 123 199 53 408 464 399 240 484 140 226 443 367 137 76 447 284 254 263 216 347 307 129 396 155 215 173 134 73 308 127 329 317 248 139 363 213 222 261 181 159 339 410 263 308 100 
100 156 239 307 123 0 217 348 55 290 190 257 384 483 464 240 177 78 167 290 274 465 54 286 231 149 401 354 350 354 439 308 125 321 327 412 217 97 341 496 140 173 354 174 85 342 255 200 382 78 
155 238 308 178 199 217 0 129 87 433 236 381 489 193 269 150 387 205 145 405 478 89 131 89 277 192 495 357 464 378 174 211 259 369 249 138 328 79 117 458 386 408 53 409 456 55 444 406 307 162 
468 166 327 274 53 348 129 0 188 409 366 308 172 359 384 122 330 416 52 370 93 151 407 173 252 324 419 290 342 76 233 259 489 336 98 305 433 309 468 216 253 321 388 444 495 62 92 205 333 269 
468 434 212 362 408 55 87 188 0 97 63 164 499 121 384 86 396 114 86 156 311 314 484 292 237 263 476 132 246 411 316 491 322 470 482 419 165 405 212 297 405 389 405 156 170 351 362 209 478 307 
359 369 484 327 464 290 433 409 97 0 62 142 292 416 467 339 477 494 421 177 286 305 384 251 259 110 239 437 317 341 200 233 198 472 375 275 333 282 236 390 153 445 137 160 268 53 54 72 404 361 
55 63 285 69 399 190 236 366 63 62 0 345 385 426 123 265 213 387 309 320 398 410 414 239 438 492 432 397 199 368 143 409 153 205 270 88 472 63 222 289 320 265 186 302 89 52 370 207 380 476 
139 273 117 219 240 257 381 308 164 142 345 0 62 497 474 396 118 216 223 343 402 259 383 185 464 109 332 126 242 156 363 341 162 420 57 409 202 474 448 369 211 362 281 117 489 474 349 373 399 474 
58 451 420 248 484 384 489 172 499 292 385 62 0 155 211 167 99 160 407 148 144 280 456 399 426 498 381 111 155 364 275 303 451 465 187 449 355 429 499 346 210 253 402 59 117 211 318 219 87 150 
283 404 167 424 140 483 193 359 121 416 426 497 155 0 246 387 186 273 310 393 280 461 470 452 430 475 463 372 342 273 249 390 494 320 284 299 358 379 343 224 85 107 460 94 147 250 316 241 58 157 
183 134 169 53 226 464 269 384 384 467 123 474 211 246 0 77 487 451 87 484 198 123 343 397 52 68 94 72 138 348 227 89 409 106 284 333 497 372 147 173 70 484 347 473 352 85 255 401 312 212 
472 209 130 484 443 240 150 122 86 339 265 396 167 387 77 0 51 481 308 191 161 63 176 480 305 442 197 493 232 470 254 480 186 308 224 330 255 169 95 334 70 196 442 436 99 188 77 390 491 120 
163 248 417 454 367 177 387 330 396 477 213 118 99 186 487 51 0 471 148 143 434 441 58 359 222 233 210 203 403 114 96 144 137 277 54 71 119 255 226 108 149 297 190 141 123 252 486 342 254 465 
158 195 338 348 137 78 205 416 114 494 387 216 160 273 451 481 471 0 385 266 194 308 444 380 460 456 360 159 216 192 196 343 458 330 217 387 197 79 367 60 59 421 451 107 90 190 141 188 103 293 
367 190 337 250 76 167 145 52 86 421 309 223 407 310 87 308 148 385 0 308 272 314 441 119 494 405 195 211 461 408 319 382 67 270 175 345 159 105 365 117 87 101 312 279 106 200 292 92 468 104 
152 383 296 67 447 290 405 370 156 177 320 343 148 393 484 191 143 266 308 0 303 458 69 479 357 365 184 247 151 223 445 169 463 227 66 194 191 170 457 100 444 133 483 386 454 272 440 407 419 204 
445 269 345 365 284 274 478 93 311 286 398 402 144 280 198 161 434 194 272 303 0 300 109 469 114 385 378 307 126 358 310 287 451 452 348 262 485 200 436 107 473 91 496 134 224 480 323 128 250 180 
56 400 122 350 254 465 89 151 314 305 410 259 280 461 123 63 441 308 314 458 300 0 199 74 202 163 136 371 119 368 248 191 415 306 64 445 377 97 305 58 101 169 359 105 303 183 345 207 351 371 
211 359 394 198 263 54 131 407 484 384 414 383 456 470 343 176 58 444 441 69 109 199 0 448 460 377 123 314 313 81 303 367 329 180 416 405 208 177 489 360 343 108 255 339 499 401 443 171 289 127 
56 276 479 69 216 286 89 173 292 251 239 185 399 452 397 480 359 380 119 479 469 74 448 0 300 106 333 452 79 434 177 296 247 390 376 122 437 63 178 154 172 324 400 162 283 111 59 74 313 178 
67 407 212 217 347 231 277 252 237 259 438 464 426 430 52 305 222 460 494 357 114 202 460 300 0 330 491 261 376 437 279 74 439 400 394 131 416 320 181 358 444 360 293 350 173 328 166 390 219 273 
60 339 369 245 307 149 192 324 263 110 492 109 498 475 68 442 233 456 405 365 385 163 377 106 330 0 195 191 390 100 443 353 388 322 261 61 171 281 76 489 239 90 406 352 452 281 295 391 279 155 
126 170 394 278 129 401 495 419 476 239 432 332 381 463 94 197 210 360 195 184 378 136 123 333 491 195 0 87 343 220 113 239 192 172 153 310 286 362 492 67 437 475 427 157 492 313 457 341 248 213 
425 360 71 481 396 354 357 290 132 437 397 126 111 372 72 493 203 159 211 247 307 371 314 452 261 191 87 0 327 313 85 137 283 138 187 245 56 233 341 138 198 397 340 483 356 240 441 421 500 427 
335 231 284 236 155 350 464 342 246 317 199 242 155 342 138 232 403 216 461 151 126 119 313 79 376 390 343 327 0 440 162 144 483 278 157 333 364 326 442 257 130 164 378 476 271 407 328 183 460 445 
151 485 120 192 215 354 378 76 411 341 368 156 364 273 348 470 114 192 408 223 358 368 81 434 437 100 220 313 440 0 132 107 456 87 238 464 65 243 103 64 415 135 343 238 52 260 322 423 290 238 
62 346 90 253 173 439 174 233 316 200 143 363 275 249 227 254 96 196 319 445 310 248 303 177 279 443 113 85 162 132 0 427 209 397 408 350 154 377 96 193 118 95 295 56 155 219 221 207 426 297 
476 382 185 272 134 308 211 259 491 233 409 341 303 390 89 480 144 343 382 169 287 191 367 296 74 353 239 137 144 107 427 0 308 379 115 141 142 88 142 200 269 341 321 381 306 179 151 454 239 94 
119 439 318 98 73 125 259 489 322 198 153 162 451 494 409 186 137 458 67 463 451 415 329 247 439 388 192 283 483 456 209 308 0 270 447 243 414 157 179 186 282 273 120 428 314 58 81 246 263 438 
395 477 356 174 308 321 369 336 470 472 205 420 465 320 106 308 277 330 270 227 452 306 180 390 400 322 172 138 278 87 397 379 270 0 398 280 339 453 207 190 241 198 246 491 133 455 203 291 151 329 
459 259 284 280 127 327 249 98 482 375 270 57 187 284 284 224 54 217 175 66 348 64 416 376 394 261 153 187 157 238 408 115 447 398 0 147 381 416 281 315 482 434 78 339 483 476 359 271 375 394 
101 280 224 56 329 412 138 305 419 275 88 409 449 299 333 330 71 387 345 194 262 445 405 122 131 61 310 245 333 464 350 141 243 280 147 0 438 111 269 255 201 445 88 109 179 347 441 459 278 244 
278 192 235 82 317 217 328 433 165 333 472 202 355 358 497 255 119 197 159 191 485 377 208 437 416 171 286 56 364 65 154 142 414 339 381 438 0 500 498 392 331 321 307 371 376 52 164 441 239 113 
55 208 126 378 248 97 79 309 405 282 63 474 429 379 372 169 255 79 105 170 200 97 177 63 320 281 362 233 326 243 377 88 157 453 416 111 500 0 348 272 368 97 288 454 439 237 58 384 388 262 
201 370 160 433 139 341 117 468 212 236 222 448 499 343 147 95 226 367 365 457 436 305 489 178 181 76 492 341 442 103 96 142 179 207 281 269 498 348 0 421 405 473 182 52 173 115 240 371 317 463 
236 416 291 165 363 496 458 216 297 390 289 369 346 224 173 334 108 60 117 100 107 58 360 154 358 489 67 138 257 64 193 200 186 190 315 255 392 272 421 0 442 417 418 477 252 353 477 357 217 127 
188 368 416 56 213 140 386 253 405 153 320 211 210 85 70 70 149 59 87 444 473 101 343 172 444 239 437 198 130 415 118 269 282 241 482 201 331 368 405 442 0 249 131 320 206 448 269 162 292 329 
227 431 153 387 222 173 408 321 389 445 265 362 253 107 484 196 297 421 101 133 91 169 108 324 360 90 475 397 164 135 95 341 273 198 434 445 321 97 473 417 249 0 318 60 420 324 316 284 196 194 
444 278 452 50 261 354 53 388 405 137 186 281 402 460 347 442 190 451 312 483 496 359 255 400 293 406 427 340 378 343 295 321 120 246 78 88 307 288 182 418 131 318 0 300 240 82 325 436 322 100 
405 484 484 459 181 174 409 444 156 160 302 117 59 94 473 436 141 107 279 386 134 105 339 162 350 352 157 483 476 238 56 381 428 491 339 109 371 454 52 477 320 60 300 0 480 365 86 331 329 186 
329 312 479 471 159 85 456 495 170 268 89 489 117 147 352 99 123 90 106 454 224 303 499 283 173 452 492 356 271 52 155 306 314 133 483 179 376 439 173 252 206 420 240 480 0 74 132 231 204 302 
273 92 79 346 339 342 55 62 351 53 52 474 211 250 85 188 252 190 200 272 480 183 401 111 328 281 313 240 407 260 219 179 58 455 476 347 52 237 115 353 448 324 82 365 74 0 287 336 340 262 
117 53 483 257 410 255 444 92 362 54 370 349 318 316 255 77 486 141 292 440 323 345 443 59 166 295 457 441 328 322 221 151 81 203 359 441 164 58 240 477 269 316 325 86 132 287 0 427 75 463 
320 117 378 111 263 200 406 205 209 72 207 373 219 241 401 390 342 188 92 407 128 207 171 74 390 391 341 421 183 423 207 454 246 291 271 459 441 384 371 357 162 284 436 331 231 336 427 0 164 266 
72 474 469 186 308 382 307 333 478 404 380 399 87 58 312 491 254 103 468 419 250 351 289 313 219 279 248 500 460 290 426 239 263 151 375 278 239 388 317 217 292 196 322 329 204 340 75 164 0 54 
149 493 82 350 100 78 162 269 307 361 476 474 150 157 212 120 465 293 104 204 180 371 127 178 273 155 213 427 445 238 297 94 438 329 394 244 113 262 463 127 329 194 100 186 302 262 463 266 54 0 

957.66 0 38
957.66 1 5
957.66 2 25
957.66 3 33
957.66 4 30
957.66 5 6
957.66 6 23
957.66 7 21
957.66 8 23
957.66 9 11
957.66 10 17
957.66 11 21
957.66 12 28
957.66 13 29
957.66 14 6
957.66 15 1
957.66 16 32
957.66 17 42
957.66 18 11
957.66 19 26
957.66 20 28
957.66 21 24
957.66 22 18
957.66 23 6
957.66 24 34
957.66 25 41
957.66 26 6
957.66 27 6
957.66 28 9
957.66 29 17
957.66 30 9
957.66 31 47
957.66 32 23
957.66 33 39
957.66 34 36
957.66 35 9
957.66 36 44
957.66 37 10
957.66 38 31
957.66 39 19
957.66 40 21
957.66 41 48
957.66 42 45
957.66 43 0
957.66 44 33
957.66 45 2
957.66 46 1
957.66 47 16
957.66 48 0
957.66 49 17
