40 40 3 156

0.2 0 13
0.2 0 21
0.2 0 26
0.2 0 29
0.2 0 35
0.2 0 38
0.2 1 6
0.2 1 9
0.2 1 16
0.2 1 22
0.2 1 23
0.2 1 27
0.2 1 38
0.2 2 7
0.2 2 14
0.2 2 17
0.2 2 23
0.2 2 24
0.2 2 27
0.2 2 34
0.2 2 35
0.2 3 6
0.2 3 12
0.2 3 14
0.2 3 22
0.2 3 24
0.2 3 30
0.2 3 31
0.2 3 39
0.2 4 22
0.2 4 26
0.2 4 29
0.2 4 31
0.2 4 32
0.2 4 35
0.2 4 39
0.2 5 16
0.2 5 21
0.2 5 23
0.2 5 30
0.2 5 33
0.2 5 38
0.2 5 39
0.2 6 9
0.2 6 11
0.2 6 12
0.2 6 14
0.2 6 22
0.2 6 25
0.2 7 17
0.2 7 23
0.2 7 27
0.2 7 32
0.2 7 33
0.2 8 10
0.2 8 13
0.2 8 17
0.2 8 23
0.2 8 30
0.2 8 36
0.2 8 37
0.2 8 38
0.2 9 10
0.2 9 12
0.2 9 30
0.2 9 36
0.2 9 38
0.2 10 12
0.2 10 18
0.2 10 22
0.2 10 28
0.2 10 29
0.2 10 37
0.2 11 16
0.2 11 18
0.2 11 25
0.2 11 26
0.2 11 32
0.2 12 13
0.2 12 14
0.2 12 15
0.2 12 16
0.2 12 24
0.2 12 25
0.2 12 33
0.2 12 38
0.2 13 25
0.2 13 28
0.2 13 29
0.2 14 15
0.2 14 17
0.2 14 23
0.2 14 37
0.2 15 23
0.2 15 29
0.2 15 33
0.2 15 34
0.2 16 19
0.2 16 23
0.2 16 30
0.2 16 36
0.2 16 38
0.2 16 39
0.2 17 28
0.2 17 31
0.2 18 19
0.2 18 21
0.2 18 24
0.2 18 27
0.2 19 29
0.2 19 36
0.2 20 25
0.2 20 27
0.2 20 28
0.2 20 35
0.2 21 24
0.2 21 29
0.2 21 34
0.2 22 29
0.2 22 30
0.2 22 36
0.2 22 38
0.2 23 25
0.2 23 29
0.2 23 39
0.2 24 25
0.2 24 31
0.2 24 32
0.2 25 29
0.2 25 31
0.2 25 33
0.2 25 34
0.2 25 39
0.2 26 30
0.2 26 39
0.2 27 30
0.2 27 35
0.2 28 35
0.2 28 36
0.2 28 38
0.2 29 31
0.2 29 33
0.2 29 37
0.2 29 38
0.2 30 32
0.2 30 38
0.2 31 34
0.2 31 38
0.2 32 34
0.2 32 36
0.2 32 38
0.2 32 39
0.2 33 35
0.2 34 36
0.2 35 37
0.2 36 37

0 299 342 133 255 313 406 360 356 210 197 424 211 439 257 333 305 194 204 374 446 63 179 269 67 249 193 482 252 91 191 440 82 211 264 218 93 76 141 435 
299 0 304 124 257 472 499 87 229 198 76 228 125 147 246 418 314 487 133 363 296 276 342 368 115 349 406 219 115 298 92 292 289 396 108 446 461 113 486 491 
342 304 0 350 381 185 214 59 143 71 461 235 243 306 70 433 410 202 399 220 240 68 304 466 273 311 123 149 217 456 470 196 105 441 124 52 460 259 343 482 
133 124 350 0 374 215 200 182 154 90 361 256 232 324 361 207 257 351 180 272 460 138 233 145 367 262 395 212 416 293 195 166 198 350 401 177 290 161 264 217 
255 257 381 374 0 429 218 99 277 279 433 83 165 185 161 113 335 306 208 427 93 476 481 179 216 347 264 124 303 119 255 437 432 315 454 91 405 360 133 237 
313 472 185 215 429 0 227 432 153 334 385 170 472 305 115 79 477 438 54 177 433 242 266 176 416 77 68 499 386 173 470 401 213 187 86 481 229 224 194 204 
406 499 214 200 218 227 0 125 444 61 88 105 273 453 279 219 368 277 142 385 91 52 421 289 111 379 351 117 271 415 265 135 490 396 459 235 181 231 125 374 
360 87 59 182 99 432 125 0 107 414 292 395 383 195 236 143 156 399 468 68 110 123 296 466 269 364 113 404 465 372 378 201 340 462 389 491 431 236 166 342 
356 229 143 154 277 153 444 107 0 256 423 154 141 435 308 421 255 114 381 248 319 302 112 446 391 350 330 149 216 265 384 278 197 108 479 238 134 432 59 400 
210 198 71 90 279 334 61 414 256 0 304 209 479 387 461 474 310 457 64 429 160 331 383 418 430 151 112 87 269 185 136 225 422 436 352 63 89 173 257 118 
197 76 461 361 433 385 88 292 423 304 0 94 286 381 107 302 170 407 91 313 486 433 310 64 442 437 410 179 288 92 142 495 90 236 450 391 466 148 76 248 
424 228 235 256 83 170 105 395 154 209 94 0 374 190 486 115 423 386 486 124 262 247 94 456 243 272 113 450 120 432 276 127 274 186 258 76 364 352 490 129 
211 125 243 232 165 472 273 383 141 479 286 374 0 420 440 409 367 365 376 494 484 126 401 357 315 273 198 357 368 160 386 207 128 355 329 406 377 361 467 482 
439 147 306 324 185 305 453 195 435 387 381 190 420 0 196 188 155 94 67 467 104 380 154 495 117 498 480 459 81 86 280 380 420 280 194 409 51 326 207 343 
257 246 70 361 161 115 279 236 308 461 107 486 440 196 0 202 362 88 387 415 433 413 69 428 482 491 169 269 249 258 142 357 338 478 132 328 236 159 155 253 
333 418 433 207 113 79 219 143 421 474 302 115 409 188 202 0 270 377 362 148 463 170 142 277 488 164 299 473 74 235 422 56 134 488 186 73 413 426 245 411 
305 314 410 257 335 477 368 156 255 310 170 423 367 155 362 270 0 358 426 354 237 312 156 498 269 183 416 278 389 118 488 301 427 375 312 130 214 411 489 108 
194 487 202 351 306 438 277 399 114 457 407 386 365 94 88 377 358 0 237 122 109 210 350 491 155 432 391 417 414 457 327 101 389 358 302 86 238 481 407 150 
204 133 399 180 208 54 142 468 381 64 91 486 376 67 387 362 426 237 0 360 347 437 150 159 51 113 279 452 500 466 490 333 174 168 412 372 472 260 474 139 
374 363 220 272 427 177 385 68 248 429 313 124 494 467 415 148 354 122 360 0 256 130 193 307 225 449 169 154 361 457 200 498 180 220 222 330 101 425 414 58 
446 296 240 460 93 433 91 110 319 160 486 262 484 104 433 463 237 109 347 256 0 320 489 291 462 255 138 422 398 126 292 251 139 69 51 213 115 409 145 234 
63 276 68 138 476 242 52 123 302 331 433 247 126 380 413 170 312 210 437 130 320 0 347 267 252 301 149 123 172 465 202 332 212 204 349 296 134 72 174 227 
179 342 304 233 481 266 421 296 112 383 310 94 401 154 69 142 156 350 150 193 489 347 0 411 152 436 303 495 313 317 276 199 330 494 493 109 372 331 430 258 
269 368 466 145 179 176 289 466 446 418 64 456 357 495 428 277 498 491 159 307 291 267 411 0 446 475 276 200 51 230 463 478 323 438 177 181 127 95 59 474 
67 115 273 367 216 416 111 269 391 430 442 243 315 117 482 488 269 155 51 225 462 252 152 446 0 406 212 243 93 343 470 50 212 321 217 171 308 278 397 406 
249 349 311 262 347 77 379 364 350 151 437 272 273 498 491 164 183 432 113 449 255 301 436 475 406 0 458 339 142 336 457 375 411 419 73 407 429 219 472 236 
193 406 123 395 264 68 351 113 330 112 410 113 198 480 169 299 416 391 279 169 138 149 303 276 212 458 0 299 253 439 305 190 219 162 469 114 313 238 450 311 
482 219 149 212 124 499 117 404 149 87 179 450 357 459 269 473 278 417 452 154 422 123 495 200 243 339 299 0 451 142 61 306 224 325 376 62 407 445 378 348 
252 115 217 416 303 386 271 465 216 269 288 120 368 81 249 74 389 414 500 361 398 172 313 51 93 142 253 451 0 429 151 387 53 342 347 224 187 66 382 261 
91 298 456 293 119 173 415 372 265 185 92 432 160 86 258 235 118 457 466 457 126 465 317 230 343 336 439 142 429 0 398 291 216 208 227 106 500 415 494 293 
191 92 470 195 255 470 265 378 384 136 142 276 386 280 142 422 488 327 490 200 292 202 276 463 470 457 305 61 151 398 0 410 340 117 185 479 181 66 289 122 
440 292 196 166 437 401 135 201 278 225 495 127 207 380 357 56 301 101 333 498 251 332 199 478 50 375 190 306 387 291 410 0 86 259 111 392 437 92 473 402 
82 289 105 198 432 213 490 340 197 422 90 274 128 420 338 134 427 389 174 180 139 212 330 323 212 411 219 224 53 216 340 86 0 310 286 52 217 234 479 490 
211 396 441 350 315 187 396 462 108 436 236 186 355 280 478 488 375 358 168 220 69 204 494 438 321 419 162 325 342 208 117 259 310 0 260 481 141 482 131 103 
264 108 124 401 454 86 459 389 479 352 450 258 329 194 132 186 312 302 412 222 51 349 493 177 217 73 469 376 347 227 185 111 286 260 0 275 226 410 443 118 
218 446 52 177 91 481 235 491 238 63 391 76 406 409 328 73 130 86 372 330 213 296 109 181 171 407 114 62 224 106 479 392 52 481 275 0 121 93 319 226 
93 461 460 290 405 229 181 431 134 89 466 364 377 51 236 413 214 238 472 101 115 134 372 127 308 429 313 407 187 500 181 437 217 141 226 121 0 412 482 257 
76 113 259 161 360 224 231 236 432 173 148 352 361 326 159 426 411 481 260 425 409 72 331 95 278 219 238 445 66 415 66 92 234 482 410 93 412 0 274 199 
141 486 343 264 133 194 125 166 59 257 76 490 467 207 155 245 489 407 474 414 145 174 430 59 397 472 450 378 382 494 289 473 479 131 443 319 482 274 0 67 
435 491 482 217 237 204 374 342 400 118 248 129 482 343 253 411 108 150 139 58 234 227 258 474 406 236 311 348 261 293 122 402 490 103 118 226 257 199 67 0 

650.5 0 7
650.5 1 15
650.5 2 6
650.5 3 21
650.5 4 33
650.5 5 2
650.5 6 3
650.5 7 36
650.5 8 27
650.5 9 38
650.5 10 13
650.5 11 13
650.5 12 13
650.5 13 32
650.5 14 27
650.5 15 10
650.5 16 5
650.5 17 2
650.5 18 12
650.5 19 27
650.5 20 11
650.5 21 34
650.5 22 37
650.5 23 29
650.5 24 33
650.5 25 16
650.5 26 32
650.5 27 9
650.5 28 4
650.5 29 16
650.5 30 8
650.5 31 1
650.5 32 31
650.5 33 14
650.5 34 22
650.5 35 14
650.5 36 17
650.5 37 25
650.5 38 12
650.5 39 33
