50 50 4 245

0.4 0 4
0.4 0 5
0.4 0 9
0.4 0 32
0.4 0 37
0.4 0 41
0.4 0 48
0.4 1 6
0.4 1 8
0.4 1 11
0.4 1 17
0.4 1 21
0.4 1 28
0.4 1 30
0.4 1 34
0.4 1 35
0.4 1 36
0.4 1 42
0.4 1 47
0.4 2 7
0.4 2 32
0.4 2 34
0.4 2 35
0.4 2 37
0.4 2 39
0.4 2 44
0.4 3 19
0.4 3 24
0.4 3 33
0.4 3 34
0.4 3 35
0.4 3 42
0.4 3 48
0.4 3 49
0.4 4 15
0.4 4 21
0.4 4 24
0.4 4 27
0.4 4 30
0.4 4 35
0.4 4 36
0.4 4 37
0.4 4 39
0.4 4 40
0.4 4 41
0.4 4 42
0.4 4 47
0.4 5 9
0.4 5 13
0.4 5 15
0.4 5 24
0.4 5 26
0.4 5 27
0.4 5 28
0.4 5 31
0.4 5 33
0.4 5 36
0.4 6 7
0.4 6 16
0.4 6 19
0.4 6 39
0.4 6 47
0.4 7 11
0.4 7 16
0.4 7 19
0.4 7 30
0.4 7 33
0.4 7 36
0.4 7 44
0.4 7 48
0.4 8 11
0.4 8 15
0.4 8 28
0.4 8 32
0.4 8 33
0.4 8 38
0.4 9 19
0.4 9 22
0.4 9 24
0.4 9 27
0.4 9 29
0.4 9 32
0.4 9 44
0.4 9 45
0.4 9 49
0.4 10 12
0.4 10 20
0.4 10 26
0.4 10 28
0.4 10 33
0.4 10 45
0.4 11 13
0.4 11 14
0.4 11 18
0.4 11 30
0.4 11 31
0.4 11 32
0.4 11 35
0.4 11 36
0.4 11 40
0.4 11 48
0.4 12 22
0.4 12 29
0.4 12 43
0.4 12 45
0.4 12 48
0.4 13 14
0.4 13 15
0.4 13 29
0.4 13 35
0.4 13 37
0.4 13 40
0.4 13 44
0.4 14 15
0.4 14 26
0.4 14 28
0.4 14 29
0.4 14 31
0.4 14 37
0.4 14 39
0.4 14 41
0.4 14 44
0.4 14 46
0.4 14 48
0.4 14 49
0.4 15 16
0.4 15 22
0.4 15 23
0.4 15 30
0.4 15 31
0.4 15 33
0.4 15 37
0.4 15 40
0.4 15 43
0.4 15 45
0.4 16 21
0.4 16 33
0.4 16 38
0.4 16 43
0.4 16 49
0.4 17 19
0.4 17 23
0.4 17 24
0.4 17 33
0.4 17 38
0.4 17 39
0.4 17 40
0.4 17 43
0.4 17 46
0.4 18 23
0.4 18 27
0.4 18 29
0.4 18 30
0.4 18 35
0.4 18 41
0.4 18 45
0.4 19 25
0.4 19 31
0.4 19 32
0.4 19 38
0.4 19 42
0.4 20 21
0.4 20 25
0.4 20 26
0.4 20 36
0.4 20 44
0.4 21 30
0.4 21 31
0.4 21 33
0.4 21 36
0.4 21 37
0.4 21 43
0.4 21 47
0.4 21 48
0.4 21 49
0.4 22 29
0.4 22 30
0.4 22 34
0.4 22 35
0.4 22 38
0.4 22 40
0.4 22 45
0.4 23 25
0.4 23 37
0.4 23 39
0.4 23 42
0.4 23 44
0.4 24 28
0.4 24 29
0.4 24 30
0.4 24 34
0.4 24 36
0.4 24 39
0.4 24 44
0.4 24 49
0.4 25 31
0.4 25 34
0.4 25 41
0.4 26 27
0.4 26 38
0.4 26 41
0.4 26 45
0.4 26 47
0.4 27 32
0.4 27 36
0.4 27 38
0.4 27 39
0.4 27 40
0.4 27 49
0.4 28 32
0.4 28 39
0.4 28 45
0.4 28 49
0.4 29 33
0.4 29 45
0.4 29 46
0.4 29 49
0.4 30 44
0.4 30 49
0.4 31 34
0.4 31 41
0.4 32 34
0.4 32 39
0.4 32 47
0.4 32 48
0.4 33 36
0.4 33 42
0.4 34 42
0.4 34 44
0.4 34 47
0.4 36 44
0.4 37 38
0.4 37 39
0.4 38 41
0.4 38 48
0.4 39 43
0.4 40 46
0.4 40 47
0.4 41 43
0.4 42 44
0.4 42 45
0.4 43 44
0.4 43 47
0.4 44 48
0.4 45 46

0 163 200 338 399 306 332 110 302 457 168 207 108 424 320 143 384 182 192 248 370 483 368 71 399 110 357 424 294 395 442 237 395 73 189 292 155 474 487 474 264 399 248 210 292 369 422 345 316 292 
163 0 250 59 87 138 113 252 101 114 305 129 377 226 134 140 187 138 190 104 391 102 83 440 399 283 377 436 127 248 208 209 423 221 499 186 240 80 242 66 137 338 282 373 222 157 478 186 219 329 
200 250 0 447 320 81 341 262 104 54 126 375 490 283 114 349 493 193 237 143 262 95 97 240 488 74 291 70 314 94 369 322 214 500 92 271 159 215 164 443 83 122 165 404 492 149 178 168 241 67 
338 59 447 0 415 497 75 110 172 483 216 394 319 205 167 96 469 435 58 239 381 227 325 224 291 161 248 292 325 396 396 312 207 257 334 96 345 479 175 101 452 331 235 277 466 131 181 261 492 397 
399 87 320 415 0 342 243 352 459 480 331 137 359 285 298 271 458 359 370 496 82 426 271 370 93 482 186 357 50 325 459 105 478 372 214 209 142 360 209 353 458 470 58 226 178 421 115 472 62 325 
306 138 81 497 342 0 394 104 60 310 75 183 225 381 489 75 160 218 183 479 320 358 56 458 145 406 388 133 457 115 264 280 201 439 87 446 118 426 202 457 397 285 109 169 400 494 156 163 87 313 
332 113 341 75 243 394 0 236 460 120 109 448 336 433 225 329 473 263 99 50 427 112 278 394 326 477 309 168 101 427 221 76 440 216 304 318 490 147 254 461 335 290 132 196 86 238 366 300 148 143 
110 252 262 110 352 104 236 0 468 267 391 259 186 313 381 426 446 491 430 472 68 487 193 64 198 380 419 148 293 326 280 276 460 289 73 240 186 244 456 176 479 366 95 357 160 293 103 439 329 233 
302 101 104 172 459 60 460 468 0 62 277 141 442 87 478 66 91 442 313 317 58 178 466 248 373 60 412 332 313 71 397 267 418 471 224 195 299 314 327 103 204 389 237 213 255 64 325 119 316 406 
457 114 54 483 480 310 120 267 62 0 321 214 348 61 251 209 354 179 305 143 109 73 202 468 472 220 176 60 185 234 497 179 325 153 65 460 329 189 213 400 122 314 344 200 493 466 427 462 113 137 
168 305 126 216 331 75 109 391 277 321 0 218 60 187 447 114 180 105 436 415 197 436 382 98 145 377 400 486 167 325 57 479 438 187 325 195 261 468 128 321 355 296 337 421 489 363 478 344 94 125 
207 129 375 394 137 183 448 259 141 214 218 0 246 431 202 329 499 270 351 489 389 254 68 295 303 103 74 347 167 90 131 274 191 262 494 338 412 88 130 482 375 245 310 168 450 294 346 170 78 449 
108 377 490 319 359 225 336 186 442 348 60 246 0 355 293 247 56 132 95 374 64 414 454 293 97 315 152 430 223 369 321 260 292 302 191 230 178 372 308 163 226 141 352 363 137 473 324 365 454 377 
424 226 283 205 285 381 433 313 87 61 187 431 355 0 132 332 332 387 280 313 251 405 109 75 309 203 279 153 178 442 98 55 443 113 248 133 182 297 203 364 426 488 421 455 323 280 331 395 91 226 
320 134 114 167 298 489 225 381 478 251 447 202 293 132 0 467 291 443 239 386 238 135 200 302 197 459 84 473 359 415 206 78 427 176 193 368 92 174 324 383 213 277 117 209 164 483 168 83 149 62 
143 140 349 96 271 75 329 426 66 209 114 329 247 332 467 0 345 222 183 110 253 202 311 70 112 395 323 329 69 91 469 173 415 424 64 407 67 460 147 315 253 238 146 223 378 410 213 482 394 129 
384 187 493 469 458 160 473 446 91 354 180 499 56 332 291 345 0 280 179 321 453 224 378 219 56 381 156 177 314 326 219 474 172 443 439 349 67 416 439 101 190 191 266 250 56 415 406 367 430 480 
182 138 193 435 359 218 263 491 442 179 105 270 132 387 443 222 280 0 173 255 216 268 393 474 371 103 345 124 463 480 455 247 380 167 324 422 233 304 439 81 398 87 212 202 107 260 310 425 95 118 
192 190 237 58 370 183 99 430 313 305 436 351 95 280 239 183 179 173 0 243 460 220 195 429 160 197 344 315 492 110 51 127 492 484 227 425 330 388 428 170 317 422 425 121 395 138 417 483 95 100 
248 104 143 239 496 479 50 472 317 143 415 489 374 313 386 110 321 255 243 0 425 439 402 100 302 429 65 419 349 346 198 231 354 181 266 183 136 125 264 221 430 261 338 275 401 271 336 226 290 114 
370 391 262 381 82 320 427 68 58 109 197 389 64 251 238 253 453 216 460 425 0 83 85 492 163 362 303 397 346 198 64 152 482 212 347 386 382 487 92 154 150 85 298 149 373 479 289 344 155 272 
483 102 95 227 426 358 112 487 178 73 436 254 414 405 135 202 224 268 220 439 83 0 399 382 185 100 238 177 115 308 347 348 339 328 311 190 413 133 195 121 121 123 114 250 71 282 89 140 290 106 
368 83 97 325 271 56 278 193 466 202 382 68 454 109 200 311 378 393 195 402 85 399 0 159 310 491 396 263 370 195 347 285 138 317 127 313 424 79 445 132 242 302 455 172 278 463 260 157 295 427 
71 440 240 224 370 458 394 64 248 468 98 295 293 75 302 70 219 474 429 100 492 382 159 0 390 369 356 241 264 495 79 449 186 134 258 363 222 165 238 77 326 133 212 488 364 354 456 316 490 452 
399 399 488 291 93 145 326 198 373 472 145 303 97 309 197 112 56 371 160 302 163 185 310 390 0 422 386 399 219 374 248 377 216 155 59 199 209 331 198 58 147 308 84 144 73 218 212 72 409 156 
110 283 74 161 482 406 477 380 60 220 377 103 315 203 459 395 381 103 197 429 362 100 491 369 422 0 80 65 497 64 97 483 327 412 180 132 233 326 356 235 203 295 91 335 57 70 406 259 143 111 
357 377 291 248 186 388 309 419 412 176 400 74 152 279 84 323 156 345 344 65 303 238 396 356 386 80 0 429 477 465 403 496 388 493 477 130 246 154 414 358 310 139 154 215 211 398 345 59 495 135 
424 436 70 292 357 133 168 148 332 60 486 347 430 153 473 329 177 124 315 419 397 177 263 241 399 65 429 0 410 299 470 486 408 347 58 134 248 268 367 83 233 389 295 84 238 353 196 263 186 455 
294 127 314 325 50 457 101 293 313 185 167 167 223 178 359 69 314 463 492 349 346 115 370 264 219 497 477 410 0 268 61 452 486 62 320 90 178 231 245 253 364 328 494 478 230 116 345 390 92 308 
395 248 94 396 325 115 427 326 71 234 325 90 369 442 415 91 326 480 110 346 198 308 195 495 374 64 465 299 268 0 408 263 151 500 268 103 491 439 412 97 499 122 398 236 429 183 414 290 83 369 
442 208 369 396 459 264 221 280 397 497 57 131 321 98 206 469 219 455 51 198 64 347 347 79 248 97 403 470 61 408 0 393 301 189 436 318 89 297 217 313 446 136 75 67 71 125 167 121 150 232 
237 209 322 312 105 280 76 276 267 179 479 274 260 55 78 173 474 247 127 231 152 348 285 449 377 483 496 486 452 263 393 0 136 292 459 89 283 204 438 226 335 434 241 394 473 191 473 234 358 99 
395 423 214 207 478 201 440 460 418 325 438 191 292 443 427 415 172 380 492 354 482 339 138 186 216 327 388 408 486 151 301 136 0 220 266 446 438 226 153 320 342 411 179 109 357 497 391 182 252 197 
73 221 500 257 372 439 216 289 471 153 187 262 302 113 176 424 443 167 484 181 212 328 317 134 155 412 493 347 62 500 189 292 220 0 478 88 199 218 331 255 479 208 190 177 269 224 295 240 97 249 
189 499 92 334 214 87 304 73 224 65 325 494 191 248 193 64 439 324 227 266 347 311 127 258 59 180 477 58 320 268 436 459 266 478 0 135 335 390 319 278 493 264 182 171 194 273 360 445 105 203 
292 186 271 96 209 446 318 240 195 460 195 338 230 133 368 407 349 422 425 183 386 190 313 363 199 132 130 134 90 103 318 89 446 88 135 0 79 292 312 380 299 136 188 492 242 173 213 361 472 472 
155 240 159 345 142 118 490 186 299 329 261 412 178 182 92 67 67 233 330 136 382 413 424 222 209 233 246 248 178 491 89 283 438 199 335 79 0 144 484 211 131 443 457 296 376 425 157 109 134 61 
474 80 215 479 360 426 147 244 314 189 468 88 372 297 174 460 416 304 388 125 487 133 79 165 331 326 154 268 231 439 297 204 226 218 390 292 144 0 72 238 327 261 472 73 437 461 225 245 204 296 
487 242 164 175 209 202 254 456 327 213 128 130 308 203 324 147 439 439 428 264 92 195 445 238 198 356 414 367 245 412 217 438 153 331 319 312 484 72 0 262 484 453 440 348 352 172 266 299 300 411 
474 66 443 101 353 457 461 176 103 400 321 482 163 364 383 315 101 81 170 221 154 121 132 77 58 235 358 83 253 97 313 226 320 255 278 380 211 238 262 0 492 87 193 215 337 195 433 178 156 174 
264 137 83 452 458 397 335 479 204 122 355 375 226 426 213 253 190 398 317 430 150 121 242 326 147 203 310 233 364 499 446 335 342 479 493 299 131 327 484 492 0 74 71 223 429 183 151 413 474 383 
399 338 122 331 470 285 290 366 389 314 296 245 141 488 277 238 191 87 422 261 85 123 302 133 308 295 139 389 328 122 136 434 411 208 264 136 443 261 453 87 74 0 277 268 96 485 244 349 100 487 
248 282 165 235 58 109 132 95 237 344 337 310 352 421 117 146 266 212 425 338 298 114 455 212 84 91 154 295 494 398 75 241 179 190 182 188 457 472 440 193 71 277 0 333 286 440 485 299 184 329 
210 373 404 277 226 169 196 357 213 200 421 168 363 455 209 223 250 202 121 275 149 250 172 488 144 335 215 84 478 236 67 394 109 177 171 492 296 73 348 215 223 268 333 0 272 362 425 277 183 260 
292 222 492 466 178 400 86 160 255 493 489 450 137 323 164 378 56 107 395 401 373 71 278 364 73 57 211 238 230 429 71 473 357 269 194 242 376 437 352 337 429 96 286 272 0 264 281 243 141 212 
369 157 149 131 421 494 238 293 64 466 363 294 473 280 483 410 415 260 138 271 479 282 463 354 218 70 398 353 116 183 125 191 497 224 273 173 425 461 172 195 183 485 440 362 264 0 152 88 491 341 
422 478 178 181 115 156 366 103 325 427 478 346 324 331 168 213 406 310 417 336 289 89 260 456 212 406 345 196 345 414 167 473 391 295 360 213 157 225 266 433 151 244 485 425 281 152 0 258 77 95 
345 186 168 261 472 163 300 439 119 462 344 170 365 395 83 482 367 425 483 226 344 140 157 316 72 259 59 263 390 290 121 234 182 240 445 361 109 245 299 178 413 349 299 277 243 88 258 0 71 191 
316 219 241 492 62 87 148 329 316 113 94 78 454 91 149 394 430 95 95 290 155 290 295 490 409 143 495 186 92 83 150 358 252 97 105 472 134 204 300 156 474 100 184 183 141 491 77 71 0 409 
292 329 67 397 325 313 143 233 406 137 125 449 377 226 62 129 480 118 100 114 272 106 427 452 156 111 135 455 308 369 232 99 197 249 203 472 61 296 411 174 383 487 329 260 212 341 95 191 409 0 

1557 0 1
1557 1 27
1557 2 30
1557 3 31
1557 4 29
1557 5 39
1557 6 37
1557 7 33
1557 8 29
1557 9 24
1557 10 4
1557 11 7
1557 12 11
1557 13 47
1557 14 2
1557 15 6
1557 16 37
1557 17 16
1557 18 5
1557 19 12
1557 20 38
1557 21 29
1557 22 40
1557 23 26
1557 24 10
1557 25 8
1557 26 11
1557 27 23
1557 28 24
1557 29 21
1557 30 43
1557 31 29
1557 32 4
1557 33 25
1557 34 11
1557 35 38
1557 36 20
1557 37 4
1557 38 27
1557 39 5
1557 40 29
1557 41 31
1557 42 12
1557 43 45
1557 44 30
1557 45 19
1557 46 2
1557 47 23
1557 48 35
1557 49 8
