20 20 3 38

0.25 0 7
0.25 0 12
0.25 1 3
0.25 1 4
0.25 1 9
0.25 1 17
0.25 1 19
0.25 2 3
0.25 2 4
0.25 2 11
0.25 2 12
0.25 2 19
0.25 3 17
0.25 4 5
0.25 4 10
0.25 5 12
0.25 5 19
0.25 6 10
0.25 6 18
0.25 7 8
0.25 7 12
0.25 7 14
0.25 7 16
0.25 7 17
0.25 8 18
0.25 10 13
0.25 10 15
0.25 10 16
0.25 10 18
0.25 11 16
0.25 11 18
0.25 12 15
0.25 13 18
0.25 14 16
0.25 14 17
0.25 14 19
0.25 15 19
0.25 16 19

0 149 103 346 249 334 491 256 474 340 257 199 405 373 465 406 304 170 358 197 
149 0 409 390 171 286 295 356 348 373 304 158 434 66 155 102 415 312 404 391 
103 409 0 413 329 320 464 123 313 167 263 247 163 62 270 412 458 411 375 352 
346 390 413 0 415 310 122 155 329 376 428 441 279 485 166 336 409 456 394 219 
249 171 329 415 0 390 193 434 401 288 132 131 309 230 492 181 184 444 59 55 
334 286 320 310 390 0 79 461 428 452 162 94 157 350 59 184 330 94 274 229 
491 295 464 122 193 79 0 292 174 368 457 460 437 209 277 348 156 60 451 479 
256 356 123 155 434 461 292 0 497 314 338 410 176 260 425 166 193 316 297 207 
474 348 313 329 401 428 174 497 0 468 224 202 421 499 172 364 106 165 296 458 
340 373 167 376 288 452 368 314 468 0 80 387 404 73 55 404 81 170 269 342 
257 304 263 428 132 162 457 338 224 80 0 83 139 213 440 81 72 103 475 351 
199 158 247 441 131 94 460 410 202 387 83 0 431 195 486 330 112 445 60 453 
405 434 163 279 309 157 437 176 421 404 139 431 0 154 442 158 227 279 235 82 
373 66 62 485 230 350 209 260 499 73 213 195 154 0 115 311 57 364 474 416 
465 155 270 166 492 59 277 425 172 55 440 486 442 115 0 494 260 194 180 356 
406 102 412 336 181 184 348 166 364 404 81 330 158 311 494 0 500 289 498 407 
304 415 458 409 184 330 156 193 106 81 72 112 227 57 260 500 0 485 140 309 
170 312 411 456 444 94 60 316 165 170 103 445 279 364 194 289 485 0 342 121 
358 404 375 394 59 274 451 297 296 269 475 60 235 474 180 498 140 342 0 180 
197 391 352 219 55 229 479 207 458 342 351 453 82 416 356 407 309 121 180 0 

480.81 0 17
480.81 1 15
480.81 2 11
480.81 3 5
480.81 4 18
480.81 5 3
480.81 6 0
480.81 7 10
480.81 8 18
480.81 9 10
480.81 10 0
480.81 11 9
480.81 12 13
480.81 13 6
480.81 14 4
480.81 15 3
480.81 16 6
480.81 17 10
480.81 18 11
480.81 19 17
