40 40 3 156

0.25 0 5
0.25 0 9
0.25 0 11
0.25 0 12
0.25 0 19
0.25 0 22
0.25 0 24
0.25 0 27
0.25 0 32
0.25 1 2
0.25 1 9
0.25 1 35
0.25 1 37
0.25 1 39
0.25 2 3
0.25 2 4
0.25 2 6
0.25 2 8
0.25 2 12
0.25 2 16
0.25 2 26
0.25 2 28
0.25 2 35
0.25 2 36
0.25 3 10
0.25 3 12
0.25 3 13
0.25 3 15
0.25 3 25
0.25 3 30
0.25 3 32
0.25 3 36
0.25 3 37
0.25 3 39
0.25 4 6
0.25 4 7
0.25 4 18
0.25 4 28
0.25 4 32
0.25 4 35
0.25 4 38
0.25 5 8
0.25 5 11
0.25 5 12
0.25 5 14
0.25 5 21
0.25 5 36
0.25 5 39
0.25 6 9
0.25 6 21
0.25 6 24
0.25 6 30
0.25 6 36
0.25 6 38
0.25 7 11
0.25 7 14
0.25 7 15
0.25 7 18
0.25 7 19
0.25 7 21
0.25 7 23
0.25 7 31
0.25 7 33
0.25 7 36
0.25 7 37
0.25 8 10
0.25 8 16
0.25 8 17
0.25 8 25
0.25 8 31
0.25 8 34
0.25 8 36
0.25 8 39
0.25 9 17
0.25 9 18
0.25 9 19
0.25 9 20
0.25 9 21
0.25 9 24
0.25 9 32
0.25 10 18
0.25 10 26
0.25 10 39
0.25 11 14
0.25 11 19
0.25 11 20
0.25 11 21
0.25 11 23
0.25 11 31
0.25 12 16
0.25 12 22
0.25 12 25
0.25 12 30
0.25 12 32
0.25 12 39
0.25 13 31
0.25 14 32
0.25 14 38
0.25 14 39
0.25 15 17
0.25 15 26
0.25 15 27
0.25 15 29
0.25 16 17
0.25 16 27
0.25 16 29
0.25 16 36
0.25 16 38
0.25 17 24
0.25 17 36
0.25 18 19
0.25 18 23
0.25 18 25
0.25 18 30
0.25 18 33
0.25 19 22
0.25 19 27
0.25 19 30
0.25 19 31
0.25 19 33
0.25 20 21
0.25 20 26
0.25 20 27
0.25 20 29
0.25 20 35
0.25 21 31
0.25 21 32
0.25 21 33
0.25 21 36
0.25 21 39
0.25 22 24
0.25 22 25
0.25 22 31
0.25 22 33
0.25 22 36
0.25 23 29
0.25 23 37
0.25 23 38
0.25 24 39
0.25 25 35
0.25 26 28
0.25 26 39
0.25 28 33
0.25 28 38
0.25 29 35
0.25 30 33
0.25 30 36
0.25 31 33
0.25 31 35
0.25 31 36
0.25 31 37
0.25 33 37
0.25 33 38
0.25 34 36
0.25 36 38
0.25 37 38

0 474 234 290 193 70 153 415 241 239 389 343 227 162 494 247 255 394 383 281 447 479 144 246 257 159 233 395 374 495 230 433 58 154 437 101 404 380 297 452 
474 0 246 51 213 74 488 207 359 354 425 416 159 307 276 284 346 224 52 296 349 72 440 218 200 454 328 344 68 402 172 142 330 159 319 291 413 190 451 189 
234 246 0 310 281 122 81 331 478 220 422 151 91 172 372 233 460 198 314 244 113 279 319 334 185 74 289 218 288 413 221 310 350 244 496 188 319 140 70 363 
290 51 310 0 433 245 56 85 215 470 176 307 153 182 421 439 482 332 262 303 81 112 380 227 298 56 80 380 369 368 131 153 161 121 152 146 108 262 346 495 
193 213 281 433 0 188 393 482 299 493 187 156 336 474 403 152 425 326 349 114 382 95 316 400 483 464 142 358 413 420 291 431 260 266 457 143 365 113 427 66 
70 74 122 245 188 0 334 361 223 240 70 216 84 430 110 490 380 394 261 90 276 313 327 387 281 412 181 401 131 407 295 100 401 216 286 84 82 237 288 305 
153 488 81 56 393 334 0 464 455 250 461 491 343 116 147 111 140 149 445 139 106 404 437 88 474 346 396 207 86 444 258 154 472 432 94 126 78 214 253 406 
415 207 331 85 482 361 464 0 56 114 101 77 85 264 269 491 241 316 208 71 381 382 439 413 318 427 95 147 292 88 198 395 361 83 353 205 83 61 207 264 
241 359 478 215 299 223 455 56 0 435 435 221 355 273 151 219 233 112 310 356 332 107 179 208 477 318 205 188 195 488 238 455 111 236 190 246 176 302 398 108 
239 354 220 470 493 240 250 114 435 0 291 421 484 238 251 491 359 347 135 427 61 94 271 389 399 481 403 299 194 480 52 343 314 396 274 57 424 98 120 471 
389 425 422 176 187 70 461 101 435 291 0 482 180 121 104 107 98 129 327 445 283 429 173 352 151 431 265 485 206 87 392 397 258 405 355 263 390 477 337 68 
343 416 151 307 156 216 491 77 221 421 482 0 486 286 392 189 434 458 457 377 427 260 409 233 410 300 324 83 499 390 425 103 164 230 212 219 453 268 378 53 
227 159 91 153 336 84 343 85 355 484 180 486 0 345 300 470 169 316 75 316 499 149 500 476 298 469 455 100 332 173 89 267 287 52 224 144 241 408 443 267 
162 307 172 182 474 430 116 264 273 238 121 286 345 0 346 51 441 131 499 327 286 249 442 374 245 404 191 190 211 450 281 193 157 316 108 396 115 280 412 190 
494 276 372 421 403 110 147 269 151 251 104 392 300 346 0 260 234 217 106 135 377 291 454 266 204 325 348 192 484 388 97 90 412 244 267 357 178 404 492 333 
247 284 233 439 152 490 111 491 219 491 107 189 470 51 260 0 466 71 249 337 57 482 312 412 210 201 436 71 121 211 245 70 64 254 381 119 259 161 304 298 
255 346 460 482 425 380 140 241 233 359 98 434 169 441 234 466 0 183 403 295 350 475 346 68 403 302 328 220 469 367 376 388 495 349 426 111 467 180 115 292 
394 224 198 332 326 394 149 316 112 347 129 458 316 131 217 71 183 0 144 191 417 103 335 396 93 182 148 147 380 127 259 416 83 450 187 470 359 274 305 347 
383 52 314 262 349 261 445 208 310 135 327 457 75 499 106 249 403 144 0 97 146 362 126 182 268 111 160 419 264 283 112 486 500 161 476 226 97 166 239 444 
281 296 244 303 114 90 139 71 356 427 445 377 316 327 135 337 295 191 97 0 128 307 146 191 342 306 231 67 246 91 453 206 408 214 216 67 185 369 297 62 
447 349 113 81 382 276 106 381 332 61 283 427 499 286 377 57 350 417 146 128 0 321 470 304 68 377 179 289 99 457 248 125 158 145 163 401 254 163 172 149 
479 72 279 112 95 313 404 382 107 94 429 260 149 249 291 482 475 103 362 307 321 0 336 388 141 265 311 246 361 497 153 233 440 291 400 475 400 362 123 429 
144 440 319 380 316 327 437 439 179 271 173 409 500 442 454 312 346 335 126 146 470 336 0 133 108 466 240 372 165 288 166 66 424 476 457 339 371 204 325 430 
246 218 334 227 400 387 88 413 208 389 352 233 476 374 266 412 68 396 182 191 304 388 133 0 186 486 311 399 323 55 244 241 105 218 225 219 299 107 395 376 
257 200 185 298 483 281 474 318 477 399 151 410 298 245 204 210 403 93 268 342 68 141 108 186 0 64 372 428 149 113 147 183 122 83 299 395 239 436 64 455 
159 454 74 56 464 412 346 427 318 481 431 300 469 404 325 201 302 182 111 306 377 265 466 486 64 0 496 50 361 403 378 163 293 112 115 146 183 232 196 91 
233 328 289 80 142 181 396 95 205 403 265 324 455 191 348 436 328 148 160 231 179 311 240 311 372 496 0 209 195 329 63 325 381 400 112 479 490 161 271 172 
395 344 218 380 358 401 207 147 188 299 485 83 100 190 192 71 220 147 419 67 289 246 372 399 428 50 209 0 254 419 256 196 476 159 214 339 129 178 95 288 
374 68 288 369 413 131 86 292 195 194 206 499 332 211 484 121 469 380 264 246 99 361 165 323 149 361 195 254 0 470 413 126 369 387 307 339 444 78 279 92 
495 402 413 368 420 407 444 88 488 480 87 390 173 450 388 211 367 127 283 91 457 497 288 55 113 403 329 419 470 0 432 238 118 415 310 313 124 273 211 413 
230 172 221 131 291 295 258 198 238 52 392 425 89 281 97 245 376 259 112 453 248 153 166 244 147 378 63 256 413 432 0 334 309 486 444 241 322 235 70 325 
433 142 310 153 431 100 154 395 455 343 397 103 267 193 90 70 388 416 486 206 125 233 66 241 183 163 325 196 126 238 334 0 377 492 243 391 348 164 75 494 
58 330 350 161 260 401 472 361 111 314 258 164 287 157 412 64 495 83 500 408 158 440 424 105 122 293 381 476 369 118 309 377 0 280 335 104 487 170 161 308 
154 159 244 121 266 216 432 83 236 396 405 230 52 316 244 254 349 450 161 214 145 291 476 218 83 112 400 159 387 415 486 492 280 0 196 379 347 81 297 187 
437 319 496 152 457 286 94 353 190 274 355 212 224 108 267 381 426 187 476 216 163 400 457 225 299 115 112 214 307 310 444 243 335 196 0 243 162 377 127 244 
101 291 188 146 143 84 126 205 246 57 263 219 144 396 357 119 111 470 226 67 401 475 339 219 395 146 479 339 339 313 241 391 104 379 243 0 107 440 295 81 
404 413 319 108 365 82 78 83 176 424 390 453 241 115 178 259 467 359 97 185 254 400 371 299 239 183 490 129 444 124 322 348 487 347 162 107 0 268 291 443 
380 190 140 262 113 237 214 61 302 98 477 268 408 280 404 161 180 274 166 369 163 362 204 107 436 232 161 178 78 273 235 164 170 81 377 440 268 0 86 149 
297 451 70 346 427 288 253 207 398 120 337 378 443 412 492 304 115 305 239 297 172 123 325 395 64 196 271 95 279 211 70 75 161 297 127 295 291 86 0 295 
452 189 363 495 66 305 406 264 108 471 68 53 267 190 333 298 292 347 444 62 149 429 430 376 455 91 172 288 92 413 325 494 308 187 244 81 443 149 295 0 

829.29 0 30
829.29 1 3
829.29 2 32
829.29 3 32
829.29 4 29
829.29 5 28
829.29 6 17
829.29 7 16
829.29 8 32
829.29 9 35
829.29 10 31
829.29 11 25
829.29 12 13
829.29 13 33
829.29 14 22
829.29 15 10
829.29 16 38
829.29 17 4
829.29 18 38
829.29 19 27
829.29 20 5
829.29 21 4
829.29 22 35
829.29 23 27
829.29 24 10
829.29 25 32
829.29 26 7
829.29 27 9
829.29 28 18
829.29 29 1
829.29 30 34
829.29 31 10
829.29 32 33
829.29 33 16
829.29 34 31
829.29 35 22
829.29 36 6
829.29 37 38
829.29 38 28
829.29 39 38
