40 40 3 195

0.25 0 1
0.25 0 12
0.25 0 17
0.25 0 19
0.25 0 22
0.25 0 31
0.25 1 4
0.25 1 5
0.25 1 6
0.25 1 12
0.25 1 16
0.25 1 20
0.25 1 21
0.25 1 26
0.25 1 28
0.25 1 29
0.25 1 35
0.25 2 3
0.25 2 5
0.25 2 6
0.25 2 7
0.25 2 9
0.25 2 10
0.25 2 15
0.25 2 23
0.25 2 26
0.25 2 32
0.25 2 34
0.25 3 5
0.25 3 7
0.25 3 13
0.25 3 14
0.25 3 15
0.25 3 18
0.25 3 22
0.25 3 24
0.25 3 26
0.25 3 32
0.25 3 34
0.25 4 12
0.25 4 13
0.25 4 17
0.25 4 20
0.25 4 27
0.25 4 31
0.25 4 32
0.25 4 34
0.25 4 37
0.25 5 10
0.25 5 13
0.25 5 21
0.25 5 22
0.25 5 25
0.25 5 34
0.25 5 39
0.25 6 10
0.25 6 20
0.25 6 21
0.25 6 28
0.25 6 33
0.25 6 36
0.25 6 38
0.25 6 39
0.25 7 15
0.25 7 17
0.25 7 19
0.25 7 22
0.25 7 26
0.25 7 27
0.25 7 29
0.25 8 10
0.25 8 14
0.25 8 17
0.25 8 18
0.25 8 19
0.25 8 20
0.25 8 23
0.25 8 27
0.25 8 30
0.25 8 36
0.25 9 17
0.25 9 20
0.25 9 24
0.25 9 26
0.25 9 36
0.25 10 18
0.25 10 19
0.25 10 21
0.25 10 23
0.25 10 26
0.25 10 29
0.25 10 33
0.25 10 35
0.25 10 38
0.25 10 39
0.25 11 17
0.25 11 18
0.25 11 20
0.25 11 21
0.25 11 26
0.25 11 29
0.25 11 30
0.25 11 32
0.25 11 33
0.25 11 34
0.25 11 38
0.25 12 14
0.25 12 15
0.25 12 25
0.25 12 26
0.25 12 35
0.25 12 36
0.25 13 18
0.25 13 21
0.25 13 22
0.25 13 23
0.25 13 26
0.25 13 27
0.25 13 30
0.25 13 31
0.25 13 35
0.25 13 37
0.25 14 17
0.25 14 18
0.25 14 19
0.25 14 24
0.25 14 28
0.25 14 29
0.25 14 31
0.25 15 16
0.25 15 19
0.25 15 21
0.25 15 28
0.25 15 33
0.25 15 35
0.25 15 39
0.25 16 18
0.25 16 20
0.25 16 25
0.25 16 29
0.25 16 35
0.25 16 39
0.25 17 28
0.25 17 29
0.25 17 30
0.25 17 34
0.25 17 35
0.25 18 20
0.25 18 21
0.25 18 23
0.25 18 25
0.25 18 36
0.25 19 21
0.25 19 22
0.25 20 21
0.25 20 23
0.25 20 26
0.25 20 29
0.25 20 31
0.25 20 32
0.25 20 36
0.25 21 24
0.25 21 26
0.25 21 27
0.25 21 32
0.25 21 33
0.25 21 37
0.25 21 39
0.25 22 24
0.25 22 26
0.25 22 33
0.25 23 25
0.25 24 33
0.25 24 35
0.25 24 38
0.25 25 29
0.25 26 29
0.25 26 33
0.25 26 39
0.25 27 30
0.25 27 33
0.25 27 38
0.25 28 30
0.25 28 35
0.25 29 36
0.25 29 38
0.25 30 31
0.25 30 37
0.25 31 35
0.25 31 37
0.25 31 39
0.25 32 33
0.25 32 36
0.25 34 39
0.25 35 38

0 437 184 338 183 174 381 469 179 121 371 317 250 288 159 334 451 453 78 58 56 432 157 125 304 474 105 219 58 151 106 95 251 120 202 110 363 63 74 403 
437 0 476 63 111 223 110 434 185 500 223 418 418 182 447 373 253 438 331 335 471 170 419 123 385 456 179 341 376 424 114 120 201 274 224 311 397 219 459 332 
184 476 0 398 374 156 499 296 492 357 77 331 441 299 358 278 332 78 420 251 279 395 387 184 190 286 459 230 435 286 298 396 309 435 250 216 288 186 224 434 
338 63 398 0 480 73 473 240 322 445 369 426 106 355 113 231 397 390 180 448 52 161 79 406 359 256 287 188 254 366 481 100 301 78 64 432 278 428 237 454 
183 111 374 480 0 498 333 211 75 480 402 96 362 64 86 368 110 305 227 122 333 51 498 242 429 175 462 401 95 300 106 100 251 448 209 242 192 55 475 297 
174 223 156 73 498 0 308 202 468 481 117 222 420 131 299 166 395 194 485 106 393 472 158 189 476 60 159 493 276 427 164 208 467 156 267 101 281 322 208 188 
381 110 499 473 333 308 0 403 160 167 176 417 294 112 313 236 190 332 300 171 356 171 280 425 205 382 260 317 191 120 487 214 221 279 165 239 146 75 82 465 
469 434 296 240 211 202 403 0 89 342 126 125 236 400 455 222 359 233 77 145 240 57 145 282 170 429 418 359 440 101 483 293 251 311 432 209 366 290 421 150 
179 185 492 322 75 468 160 89 0 261 50 455 469 398 239 387 414 80 288 89 215 435 257 459 307 151 396 279 383 409 234 190 364 394 385 296 208 69 232 166 
121 500 357 445 480 481 167 342 261 0 179 140 54 480 369 317 351 356 289 71 109 114 332 81 485 278 222 485 183 261 87 154 81 65 101 494 130 213 491 136 
371 223 77 369 402 117 176 126 50 179 0 235 313 230 72 284 304 224 156 342 381 292 76 200 305 494 92 469 463 247 392 86 287 168 467 162 185 310 345 118 
317 418 331 426 96 222 417 125 455 140 235 0 398 323 366 287 490 73 408 474 378 441 133 102 212 79 162 245 449 292 201 288 151 437 245 468 148 278 465 393 
250 418 441 106 362 420 294 236 469 54 313 398 0 283 369 422 129 277 354 381 117 291 433 317 433 460 310 402 168 394 491 305 92 85 304 427 285 139 499 120 
288 182 299 355 64 131 112 400 398 480 230 323 283 0 465 471 169 194 407 127 423 277 187 404 444 198 227 120 447 209 390 76 314 360 247 484 248 447 60 496 
159 447 358 113 86 299 313 455 239 369 72 366 369 465 0 467 358 491 116 60 129 443 341 417 344 200 263 174 417 240 301 384 242 497 222 113 431 73 147 133 
334 373 278 231 368 166 236 222 387 317 284 287 422 471 467 0 94 434 498 300 271 123 160 303 214 267 295 200 119 268 199 105 354 281 434 234 69 459 272 199 
451 253 332 397 110 395 190 359 414 351 304 490 129 169 358 94 0 153 435 257 251 169 64 500 158 389 220 439 105 362 336 225 245 271 372 449 259 425 172 212 
453 438 78 390 305 194 332 233 80 356 224 73 277 194 491 434 153 0 213 237 392 54 349 173 375 455 499 190 243 363 68 219 411 180 390 112 427 76 262 70 
78 331 420 180 227 485 300 77 288 289 156 408 354 407 116 498 435 213 0 284 393 69 94 135 365 185 254 133 243 337 60 330 183 418 100 333 431 301 70 142 
58 335 251 448 122 106 171 145 89 71 342 474 381 127 60 300 257 237 284 0 346 334 335 282 210 321 124 408 462 417 198 443 187 218 466 285 89 460 278 91 
56 471 279 52 333 393 356 240 215 109 381 378 117 423 129 271 251 392 393 346 0 113 347 463 399 154 198 435 388 312 111 123 241 411 293 305 163 182 428 378 
432 170 395 161 51 472 171 57 435 114 292 441 291 277 443 123 169 54 69 334 113 0 486 274 475 479 227 59 384 287 184 391 281 144 149 496 479 274 240 329 
157 419 387 79 498 158 280 145 257 332 76 133 433 187 341 160 64 349 94 335 347 486 0 176 126 241 219 406 95 379 216 126 470 404 129 204 297 405 373 384 
125 123 184 406 242 189 425 282 459 81 200 102 317 404 417 303 500 173 135 282 463 274 176 0 201 262 359 189 295 199 348 289 480 343 243 330 343 165 460 390 
304 385 190 359 429 476 205 170 307 485 305 212 433 444 344 214 158 375 365 210 399 475 126 201 0 354 363 340 318 377 269 446 226 164 457 481 329 299 231 296 
474 456 286 256 175 60 382 429 151 278 494 79 460 198 200 267 389 455 185 321 154 479 241 262 354 0 490 311 311 180 365 345 70 450 420 98 156 156 237 184 
105 179 459 287 462 159 260 418 396 222 92 162 310 227 263 295 220 499 254 124 198 227 219 359 363 490 0 122 407 444 224 360 96 357 319 51 473 460 173 125 
219 341 230 188 401 493 317 359 279 485 469 245 402 120 174 200 439 190 133 408 435 59 406 189 340 311 122 0 213 401 399 376 308 341 485 474 446 464 358 206 
58 376 435 254 95 276 191 440 383 183 463 449 168 447 417 119 105 243 243 462 388 384 95 295 318 311 407 213 0 197 64 450 470 370 187 351 276 145 236 165 
151 424 286 366 300 427 120 101 409 261 247 292 394 209 240 268 362 363 337 417 312 287 379 199 377 180 444 401 197 0 125 374 420 322 221 153 319 82 342 225 
106 114 298 481 106 164 487 483 234 87 392 201 491 390 301 199 336 68 60 198 111 184 216 348 269 365 224 399 64 125 0 207 466 268 494 180 495 284 306 149 
95 120 396 100 100 208 214 293 190 154 86 288 305 76 384 105 225 219 330 443 123 391 126 289 446 345 360 376 450 374 207 0 428 196 96 411 345 365 261 274 
251 201 309 301 251 467 221 251 364 81 287 151 92 314 242 354 245 411 183 187 241 281 470 480 226 70 96 308 470 420 466 428 0 303 396 170 215 458 301 57 
120 274 435 78 448 156 279 311 394 65 168 437 85 360 497 281 271 180 418 218 411 144 404 343 164 450 357 341 370 322 268 196 303 0 450 346 283 177 236 290 
202 224 250 64 209 267 165 432 385 101 467 245 304 247 222 434 372 390 100 466 293 149 129 243 457 420 319 485 187 221 494 96 396 450 0 99 122 293 204 228 
110 311 216 432 242 101 239 209 296 494 162 468 427 484 113 234 449 112 333 285 305 496 204 330 481 98 51 474 351 153 180 411 170 346 99 0 114 463 275 60 
363 397 288 278 192 281 146 366 208 130 185 148 285 248 431 69 259 427 431 89 163 479 297 343 329 156 473 446 276 319 495 345 215 283 122 114 0 449 394 428 
63 219 186 428 55 322 75 290 69 213 310 278 139 447 73 459 425 76 301 460 182 274 405 165 299 156 460 464 145 82 284 365 458 177 293 463 449 0 444 192 
74 459 224 237 475 208 82 421 232 491 345 465 499 60 147 272 172 262 70 278 428 240 373 460 231 237 173 358 236 342 306 261 301 236 204 275 394 444 0 160 
403 332 434 454 297 188 465 150 166 136 118 393 120 496 133 199 212 70 142 91 378 329 384 390 296 184 125 206 165 225 149 274 57 290 228 60 428 192 160 0 

845.79 0 34
845.79 1 3
845.79 2 10
845.79 3 29
845.79 4 0
845.79 5 12
845.79 6 26
845.79 7 3
845.79 8 14
845.79 9 25
845.79 10 28
845.79 11 3
845.79 12 0
845.79 13 8
845.79 14 28
845.79 15 32
845.79 16 17
845.79 17 7
845.79 18 25
845.79 19 37
845.79 20 5
845.79 21 13
845.79 22 19
845.79 23 15
845.79 24 18
845.79 25 14
845.79 26 6
845.79 27 1
845.79 28 8
845.79 29 16
845.79 30 26
845.79 31 3
845.79 32 19
845.79 33 36
845.79 34 21
845.79 35 8
845.79 36 37
845.79 37 9
845.79 38 11
845.79 39 2
