10 10 3 4

0.2 1 2
0.2 1 9
0.2 2 4
0.2 3 4

0 158 418 466 252 124 283 420 429 157 
158 0 171 56 344 197 219 143 486 461 
418 171 0 349 373 64 309 385 431 459 
466 56 349 0 62 391 363 239 86 480 
252 344 373 62 0 87 425 122 403 473 
124 197 64 391 87 0 251 398 101 289 
283 219 309 363 425 251 0 138 258 383 
420 143 385 239 122 398 138 0 165 243 
429 486 431 86 403 101 258 165 0 179 
157 461 459 480 473 289 383 243 179 0 

224 0 2
224 1 2
224 2 3
224 3 5
224 4 6
224 5 6
224 6 3
224 7 0
224 8 3
224 9 3
