40 40 3 78

0.4 0 1
0.4 0 11
0.4 0 20
0.4 1 12
0.4 1 21
0.4 2 4
0.4 2 20
0.4 2 32
0.4 2 35
0.4 3 15
0.4 3 23
0.4 4 11
0.4 4 32
0.4 5 8
0.4 5 24
0.4 5 30
0.4 6 21
0.4 7 8
0.4 7 32
0.4 7 35
0.4 7 39
0.4 8 10
0.4 8 19
0.4 8 21
0.4 8 24
0.4 8 26
0.4 8 34
0.4 8 35
0.4 8 37
0.4 9 11
0.4 9 14
0.4 9 22
0.4 9 24
0.4 9 33
0.4 9 34
0.4 10 11
0.4 10 18
0.4 11 12
0.4 11 31
0.4 11 37
0.4 13 15
0.4 14 25
0.4 14 37
0.4 15 20
0.4 15 28
0.4 15 38
0.4 16 24
0.4 17 21
0.4 17 26
0.4 17 30
0.4 17 33
0.4 18 19
0.4 18 28
0.4 18 31
0.4 19 21
0.4 19 25
0.4 19 35
0.4 20 38
0.4 20 39
0.4 21 26
0.4 23 26
0.4 23 39
0.4 24 28
0.4 26 28
0.4 26 30
0.4 27 34
0.4 27 39
0.4 28 35
0.4 29 33
0.4 29 38
0.4 30 31
0.4 30 37
0.4 32 37
0.4 32 38
0.4 33 34
0.4 33 39
0.4 34 38
0.4 34 39

0 488 303 450 376 237 196 298 159 119 187 222 215 490 493 384 129 382 156 83 273 236 349 196 183 462 201 342 464 349 78 409 53 220 223 94 149 105 411 137 
488 0 276 181 437 292 161 238 332 177 309 60 73 400 216 227 211 465 109 68 174 483 337 368 255 365 271 377 150 358 151 408 262 344 302 289 253 272 125 438 
303 276 0 157 258 499 487 449 480 409 381 364 364 234 230 323 481 239 268 391 338 493 86 326 340 57 360 446 302 273 191 286 165 478 78 206 116 244 170 399 
450 181 157 0 74 418 284 176 146 327 174 64 330 252 235 320 52 201 78 301 255 269 275 56 487 225 393 480 451 69 386 306 65 188 352 489 281 55 308 233 
376 437 258 74 0 155 175 110 341 201 92 376 107 487 378 216 147 387 195 308 176 129 342 406 107 101 59 330 442 458 374 500 262 80 250 417 174 163 232 432 
237 292 499 418 155 0 256 122 255 146 263 195 271 281 416 429 422 168 488 255 321 219 453 126 265 51 170 354 178 74 417 366 481 422 265 294 72 429 377 55 
196 161 487 284 175 256 0 135 302 326 136 494 182 409 156 260 136 168 312 102 230 361 459 410 100 443 111 458 152 470 344 222 445 449 238 54 415 212 180 73 
298 238 449 176 110 122 135 0 473 407 96 228 383 277 157 175 62 61 388 238 94 201 101 128 313 441 374 189 178 400 154 343 311 481 422 426 87 493 62 468 
159 332 480 146 341 255 302 473 0 270 451 243 177 209 279 415 77 82 279 477 185 180 422 253 168 463 177 453 214 202 386 470 450 387 138 215 451 223 285 176 
119 177 409 327 201 146 326 407 270 0 291 455 403 420 436 491 243 158 482 63 377 147 343 465 175 490 286 467 456 121 450 314 258 221 65 457 392 398 257 222 
187 309 381 174 92 263 136 96 451 291 0 480 69 140 214 83 292 302 295 364 445 260 287 415 139 183 181 310 342 284 62 499 66 167 303 428 235 157 389 110 
222 60 364 64 376 195 494 228 243 455 480 0 436 223 50 192 464 431 277 327 164 159 160 496 174 70 386 63 109 122 213 482 187 121 214 413 451 256 288 177 
215 73 364 330 107 271 182 383 177 403 69 436 0 51 118 407 408 271 269 391 410 478 335 239 80 461 435 96 409 77 440 478 235 175 453 222 380 166 157 268 
490 400 234 252 487 281 409 277 209 420 140 223 51 0 96 209 499 461 212 471 220 304 262 463 422 441 328 193 64 125 134 438 454 126 52 271 88 124 341 93 
493 216 230 235 378 416 156 157 279 436 214 50 118 96 0 489 288 420 365 142 54 364 447 449 290 333 348 299 125 181 240 115 252 437 492 442 479 202 330 297 
384 227 323 320 216 429 260 175 415 491 83 192 407 209 489 0 210 351 440 366 210 153 260 404 365 128 424 434 422 192 64 424 159 494 266 293 408 127 171 453 
129 211 481 52 147 422 136 62 77 243 292 464 408 499 288 210 0 171 401 255 234 331 122 63 382 115 461 78 110 139 265 208 369 121 137 488 327 377 442 67 
382 465 239 201 387 168 168 61 82 158 302 431 271 461 420 351 171 0 273 287 260 301 147 126 255 178 368 234 269 257 382 86 496 107 78 354 269 53 143 280 
156 109 268 78 195 488 312 388 279 482 295 277 269 212 365 440 401 273 0 353 470 197 146 247 279 252 385 468 428 113 360 306 171 135 365 78 468 194 51 379 
83 68 391 301 308 255 102 238 477 63 364 327 391 471 142 366 255 287 353 0 178 223 219 56 133 352 401 133 250 406 472 67 386 87 60 78 446 246 96 254 
273 174 338 255 176 321 230 94 185 377 445 164 410 220 54 210 234 260 470 178 0 177 114 237 200 307 201 364 53 232 202 265 260 148 206 289 462 336 277 76 
236 483 493 269 129 219 361 201 180 147 260 159 478 304 364 153 331 301 197 223 177 0 256 288 242 249 463 184 368 247 265 214 335 216 79 83 96 308 414 260 
349 337 86 275 342 453 459 101 422 343 287 160 335 262 447 260 122 147 146 219 114 256 0 268 288 216 222 451 217 362 203 489 131 421 91 353 145 395 234 73 
196 368 326 56 406 126 410 128 253 465 415 496 239 463 449 404 63 126 247 56 237 288 268 0 104 188 85 455 343 235 399 418 384 459 436 413 361 107 268 270 
183 255 340 487 107 265 100 313 168 175 139 174 80 422 290 365 382 255 279 133 200 242 288 104 0 454 422 292 438 114 333 319 360 325 299 243 369 381 484 51 
462 365 57 225 101 51 443 441 463 490 183 70 461 441 333 128 115 178 252 352 307 249 216 188 454 0 280 358 107 285 145 321 158 73 325 373 333 155 427 417 
201 271 360 393 59 170 111 374 177 286 181 386 435 328 348 424 461 368 385 401 201 463 222 85 422 280 0 174 294 78 220 269 153 270 173 199 408 184 237 340 
342 377 446 480 330 354 458 189 453 467 310 63 96 193 299 434 78 234 468 133 364 184 451 455 292 358 174 0 393 52 117 245 105 77 453 400 443 206 296 63 
464 150 302 451 442 178 152 178 214 456 342 109 409 64 125 422 110 269 428 250 53 368 217 343 438 107 294 393 0 342 380 144 253 238 70 323 65 432 175 493 
349 358 273 69 458 74 470 400 202 121 284 122 77 125 181 192 139 257 113 406 232 247 362 235 114 285 78 52 342 0 429 148 458 448 80 238 367 492 112 494 
78 151 191 386 374 417 344 154 386 450 62 213 440 134 240 64 265 382 360 472 202 265 203 399 333 145 220 117 380 429 0 173 228 490 207 97 54 363 244 449 
409 408 286 306 500 366 222 343 470 314 499 482 478 438 115 424 208 86 306 67 265 214 489 418 319 321 269 245 144 148 173 0 463 408 243 123 371 487 292 336 
53 262 165 65 262 481 445 311 450 258 66 187 235 454 252 159 369 496 171 386 260 335 131 384 360 158 153 105 253 458 228 463 0 498 332 233 326 263 187 187 
220 344 478 188 80 422 449 481 387 221 167 121 175 126 437 494 121 107 135 87 148 216 421 459 325 73 270 77 238 448 490 408 498 0 442 253 327 313 364 347 
223 302 78 352 250 265 238 422 138 65 303 214 453 52 492 266 137 78 365 60 206 79 91 436 299 325 173 453 70 80 207 243 332 442 0 112 151 248 306 68 
94 289 206 489 417 294 54 426 215 457 428 413 222 271 442 293 488 354 78 78 289 83 353 413 243 373 199 400 323 238 97 123 233 253 112 0 451 376 125 119 
149 253 116 281 174 72 415 87 451 392 235 451 380 88 479 408 327 269 468 446 462 96 145 361 369 333 408 443 65 367 54 371 326 327 151 451 0 448 447 108 
105 272 244 55 163 429 212 493 223 398 157 256 166 124 202 127 377 53 194 246 336 308 395 107 381 155 184 206 432 492 363 487 263 313 248 376 448 0 436 299 
411 125 170 308 232 377 180 62 285 257 389 288 157 341 330 171 442 143 51 96 277 414 234 268 484 427 237 296 175 112 244 292 187 364 306 125 447 436 0 293 
137 438 399 233 432 55 73 468 176 222 110 177 268 93 297 453 67 280 379 254 76 260 73 270 51 417 340 63 493 494 449 336 187 347 68 119 108 299 293 0 

1168.5 0 21
1168.5 1 20
1168.5 2 36
1168.5 3 30
1168.5 4 36
1168.5 5 6
1168.5 6 13
1168.5 7 27
1168.5 8 35
1168.5 9 32
1168.5 10 26
1168.5 11 3
1168.5 12 20
1168.5 13 28
1168.5 14 25
1168.5 15 28
1168.5 16 14
1168.5 17 3
1168.5 18 26
1168.5 19 6
1168.5 20 23
1168.5 21 27
1168.5 22 36
1168.5 23 34
1168.5 24 23
1168.5 25 12
1168.5 26 5
1168.5 27 2
1168.5 28 34
1168.5 29 1
1168.5 30 11
1168.5 31 5
1168.5 32 10
1168.5 33 36
1168.5 34 25
1168.5 35 7
1168.5 36 3
1168.5 37 38
1168.5 38 24
1168.5 39 27
