30 30 3 43

0.2 0 27
0.2 1 10
0.2 1 14
0.2 1 18
0.2 1 22
0.2 2 16
0.2 2 18
0.2 3 7
0.2 3 10
0.2 3 20
0.2 3 22
0.2 4 22
0.2 4 28
0.2 5 12
0.2 5 16
0.2 5 19
0.2 5 26
0.2 5 27
0.2 6 19
0.2 6 29
0.2 7 24
0.2 8 9
0.2 8 10
0.2 8 27
0.2 9 10
0.2 9 13
0.2 11 13
0.2 12 18
0.2 13 16
0.2 13 22
0.2 15 18
0.2 15 20
0.2 16 18
0.2 16 19
0.2 17 29
0.2 20 24
0.2 20 28
0.2 21 25
0.2 23 24
0.2 24 27
0.2 24 28
0.2 25 27
0.2 28 29

0 326 98 54 396 50 82 174 173 89 333 427 255 191 321 248 390 394 284 204 259 268 258 361 245 399 472 119 62 113 
326 0 109 70 432 282 56 454 178 105 258 356 372 181 282 107 340 111 470 291 496 70 196 159 153 99 163 289 117 214 
98 109 0 123 447 138 480 401 200 141 156 485 399 412 153 199 255 359 124 304 146 351 314 150 213 416 313 182 222 196 
54 70 123 0 326 95 79 310 449 486 312 461 346 456 366 166 379 266 318 336 126 140 99 363 468 434 327 275 293 125 
396 432 447 326 0 360 453 137 433 381 287 479 357 271 359 455 443 65 413 198 167 132 360 81 305 459 55 74 186 281 
50 282 138 95 360 0 366 287 260 141 108 162 279 78 203 86 327 395 219 80 327 164 144 90 151 320 166 154 462 369 
82 56 480 79 453 366 0 83 454 267 384 160 193 224 327 285 444 50 178 102 447 224 295 69 483 342 225 144 182 124 
174 454 401 310 137 287 83 0 454 226 167 183 330 469 230 411 145 426 292 87 205 475 310 317 168 411 104 337 168 173 
173 178 200 449 433 260 454 454 0 393 268 95 455 456 101 307 154 408 329 74 157 246 478 115 218 423 289 187 242 86 
89 105 141 486 381 141 267 226 393 0 491 126 85 79 172 313 380 70 160 187 135 428 78 277 141 261 158 357 493 463 
333 258 156 312 287 108 384 167 268 491 0 343 162 453 294 134 403 266 172 117 101 292 284 463 268 378 270 210 469 291 
427 356 485 461 479 162 160 183 95 126 343 0 419 416 86 482 483 390 231 165 411 455 498 379 287 228 108 362 79 278 
255 372 399 346 357 279 193 330 455 85 162 419 0 264 315 268 173 495 371 112 289 423 135 82 379 362 206 167 179 455 
191 181 412 456 271 78 224 469 456 79 453 416 264 0 330 370 196 135 332 107 342 145 374 78 308 360 180 449 325 260 
321 282 153 366 359 203 327 230 101 172 294 86 315 330 0 434 54 79 124 134 214 287 336 229 62 346 481 227 446 63 
248 107 199 166 455 86 285 411 307 313 134 482 268 370 434 0 210 385 432 186 124 296 250 327 402 286 417 387 247 133 
390 340 255 379 443 327 444 145 154 380 403 483 173 196 54 210 0 425 190 131 490 422 305 94 373 208 264 263 443 291 
394 111 359 266 65 395 50 426 408 70 266 390 495 135 79 385 425 0 96 497 244 234 66 206 289 320 415 139 150 459 
284 470 124 318 413 219 178 292 329 160 172 231 371 332 124 432 190 96 0 111 176 451 202 356 120 72 485 273 180 87 
204 291 304 336 198 80 102 87 74 187 117 165 112 107 134 186 131 497 111 0 284 286 439 328 458 293 331 450 85 233 
259 496 146 126 167 327 447 205 157 135 101 411 289 342 214 124 490 244 176 284 0 75 64 410 77 127 260 56 363 315 
268 70 351 140 132 164 224 475 246 428 292 455 423 145 287 296 422 234 451 286 75 0 363 197 355 291 270 488 270 217 
258 196 314 99 360 144 295 310 478 78 284 498 135 374 336 250 305 66 202 439 64 363 0 409 186 195 489 365 309 269 
361 159 150 363 81 90 69 317 115 277 463 379 82 78 229 327 94 206 356 328 410 197 409 0 354 206 286 491 312 177 
245 153 213 468 305 151 483 168 218 141 268 287 379 308 62 402 373 289 120 458 77 355 186 354 0 79 499 318 276 437 
399 99 416 434 459 320 342 411 423 261 378 228 362 360 346 286 208 320 72 293 127 291 195 206 79 0 281 331 296 284 
472 163 313 327 55 166 225 104 289 158 270 108 206 180 481 417 264 415 485 331 260 270 489 286 499 281 0 468 383 196 
119 289 182 275 74 154 144 337 187 357 210 362 167 449 227 387 263 139 273 450 56 488 365 491 318 331 468 0 473 419 
62 117 222 293 186 462 182 168 242 493 469 79 179 325 446 247 443 150 180 85 363 270 309 312 276 296 383 473 0 79 
113 214 196 125 281 369 124 173 86 463 291 278 455 260 63 133 291 459 87 233 315 217 269 177 437 284 196 419 79 0 

506.25 0 26
506.25 1 2
506.25 2 25
506.25 3 8
506.25 4 27
506.25 5 2
506.25 6 7
506.25 7 21
506.25 8 3
506.25 9 1
506.25 10 0
506.25 11 26
506.25 12 16
506.25 13 5
506.25 14 12
506.25 15 1
506.25 16 4
506.25 17 26
506.25 18 19
506.25 19 16
506.25 20 2
506.25 21 1
506.25 22 18
506.25 23 24
506.25 24 2
506.25 25 8
506.25 26 25
506.25 27 21
506.25 28 4
506.25 29 20
