30 30 4 108

0.4 0 3
0.4 0 6
0.4 0 9
0.4 0 14
0.4 0 18
0.4 0 29
0.4 1 8
0.4 1 9
0.4 1 10
0.4 1 20
0.4 1 29
0.4 2 10
0.4 2 11
0.4 2 14
0.4 2 15
0.4 2 16
0.4 2 20
0.4 2 29
0.4 3 7
0.4 3 9
0.4 3 10
0.4 3 15
0.4 3 18
0.4 3 22
0.4 3 25
0.4 3 26
0.4 4 6
0.4 4 7
0.4 4 12
0.4 4 13
0.4 4 29
0.4 5 13
0.4 5 22
0.4 5 24
0.4 5 25
0.4 5 28
0.4 6 10
0.4 6 16
0.4 6 27
0.4 6 29
0.4 7 10
0.4 7 18
0.4 7 24
0.4 7 26
0.4 8 11
0.4 8 17
0.4 8 18
0.4 8 23
0.4 8 24
0.4 8 25
0.4 8 29
0.4 9 10
0.4 9 18
0.4 9 27
0.4 10 12
0.4 10 15
0.4 10 16
0.4 10 17
0.4 10 19
0.4 10 20
0.4 10 22
0.4 10 28
0.4 11 13
0.4 11 14
0.4 11 15
0.4 11 28
0.4 12 17
0.4 12 20
0.4 12 21
0.4 12 26
0.4 12 28
0.4 14 16
0.4 14 19
0.4 14 20
0.4 14 24
0.4 14 27
0.4 14 29
0.4 15 22
0.4 15 26
0.4 16 22
0.4 16 29
0.4 17 19
0.4 17 21
0.4 17 22
0.4 17 23
0.4 17 25
0.4 17 28
0.4 18 21
0.4 18 29
0.4 19 27
0.4 20 27
0.4 20 28
0.4 21 23
0.4 21 26
0.4 22 27
0.4 22 29
0.4 23 25
0.4 23 26
0.4 23 29
0.4 24 25
0.4 24 28
0.4 25 26
0.4 25 27
0.4 25 28
0.4 25 29
0.4 26 27
0.4 26 28
0.4 27 29

0 205 258 316 112 214 60 173 170 165 71 431 452 306 143 499 467 222 289 130 341 321 131 93 500 235 331 379 500 203 
205 0 88 52 302 263 489 146 90 410 201 489 128 422 245 442 318 452 79 252 481 141 474 89 411 122 366 273 333 336 
258 88 0 424 53 270 132 178 241 308 222 195 360 396 85 136 50 174 356 493 87 474 322 139 277 387 61 455 84 124 
316 52 424 0 98 298 415 485 325 168 153 81 467 395 88 122 418 50 327 334 312 67 309 291 166 365 296 210 253 202 
112 302 53 98 0 434 418 97 298 215 116 158 247 72 208 247 109 198 362 132 425 500 234 99 174 424 493 288 419 376 
214 263 270 298 434 0 291 210 486 229 139 235 74 98 486 57 88 389 157 232 427 463 167 432 254 69 81 285 64 366 
60 489 132 415 418 291 0 395 348 138 150 272 195 336 490 468 125 468 318 184 293 293 363 359 123 422 238 282 207 405 
173 146 178 485 97 210 395 0 56 435 446 190 335 57 287 349 95 253 430 463 407 263 384 59 176 179 322 299 335 294 
170 90 241 325 298 486 348 56 0 233 442 239 216 479 346 286 285 381 461 378 245 486 352 449 297 430 175 287 302 380 
165 410 308 168 215 229 138 435 233 0 279 464 378 81 456 65 118 240 265 406 225 344 343 440 162 406 102 275 198 318 
71 201 222 153 116 139 150 446 442 279 0 244 112 202 240 391 147 144 445 251 270 340 204 239 472 295 452 86 117 335 
431 489 195 81 158 235 272 190 239 464 244 0 123 266 126 500 447 381 390 491 62 326 199 270 295 311 194 231 100 388 
452 128 360 467 247 74 195 335 216 378 112 123 0 396 357 250 308 440 275 202 305 324 316 248 418 159 231 96 191 466 
306 422 396 395 72 98 336 57 479 81 202 266 396 0 74 422 223 272 483 490 472 377 428 180 403 368 130 211 342 402 
143 245 85 88 208 486 490 287 346 456 240 126 357 74 0 201 304 81 318 276 261 344 198 143 153 437 330 284 136 194 
499 442 136 122 247 57 468 349 286 65 391 500 250 422 201 0 332 162 226 264 345 248 279 318 184 406 136 498 373 364 
467 318 50 418 109 88 125 95 285 118 147 447 308 223 304 332 0 296 157 72 104 59 220 270 107 237 375 111 144 450 
222 452 174 50 198 389 468 253 381 240 144 381 440 272 81 162 296 0 318 344 443 136 411 446 92 165 347 221 54 487 
289 79 356 327 362 157 318 430 461 265 445 390 275 483 318 226 157 318 0 127 479 361 264 160 129 200 245 334 363 236 
130 252 493 334 132 232 184 463 378 406 251 491 202 490 276 264 72 344 127 0 273 461 270 424 328 361 450 392 141 93 
341 481 87 312 425 427 293 407 245 225 270 62 305 472 261 345 104 443 479 273 0 311 457 144 497 274 284 307 115 491 
321 141 474 67 500 463 293 263 486 344 340 326 324 377 344 248 59 136 361 461 311 0 296 426 466 59 357 208 83 305 
131 474 322 309 234 167 363 384 352 343 204 199 316 428 198 279 220 411 264 270 457 296 0 351 177 251 186 238 425 391 
93 89 139 291 99 432 359 59 449 440 239 270 248 180 143 318 270 446 160 424 144 426 351 0 70 332 155 258 213 313 
500 411 277 166 174 254 123 176 297 162 472 295 418 403 153 184 107 92 129 328 497 466 177 70 0 308 264 157 96 338 
235 122 387 365 424 69 422 179 430 406 295 311 159 368 437 406 237 165 200 361 274 59 251 332 308 0 253 228 339 71 
331 366 61 296 493 81 238 322 175 102 452 194 231 130 330 136 375 347 245 450 284 357 186 155 264 253 0 321 402 476 
379 273 455 210 288 285 282 299 287 275 86 231 96 211 284 498 111 221 334 392 307 208 238 258 157 228 321 0 304 140 
500 333 84 253 419 64 207 335 302 198 117 100 191 342 136 373 144 54 363 141 115 83 425 213 96 339 402 304 0 361 
203 336 124 202 376 366 405 294 380 318 335 388 466 402 194 364 450 487 236 93 491 305 391 313 338 71 476 140 361 0 

979.5 0 11
979.5 1 16
979.5 2 5
979.5 3 19
979.5 4 14
979.5 5 28
979.5 6 20
979.5 7 13
979.5 8 18
979.5 9 6
979.5 10 24
979.5 11 2
979.5 12 22
979.5 13 27
979.5 14 12
979.5 15 20
979.5 16 3
979.5 17 19
979.5 18 11
979.5 19 18
979.5 20 21
979.5 21 3
979.5 22 28
979.5 23 14
979.5 24 15
979.5 25 14
979.5 26 7
979.5 27 28
979.5 28 5
979.5 29 10
