30 30 4 87

0.4 0 3
0.4 0 11
0.4 0 15
0.4 0 21
0.4 0 24
0.4 1 7
0.4 1 8
0.4 1 13
0.4 2 8
0.4 2 10
0.4 2 12
0.4 2 16
0.4 3 5
0.4 3 15
0.4 3 21
0.4 3 24
0.4 3 27
0.4 4 6
0.4 4 7
0.4 4 10
0.4 4 12
0.4 4 15
0.4 4 18
0.4 4 19
0.4 4 25
0.4 4 26
0.4 5 15
0.4 5 19
0.4 5 25
0.4 5 27
0.4 5 29
0.4 6 10
0.4 6 12
0.4 6 23
0.4 7 11
0.4 7 12
0.4 7 20
0.4 8 14
0.4 8 27
0.4 9 15
0.4 9 25
0.4 9 27
0.4 9 29
0.4 10 11
0.4 10 22
0.4 10 23
0.4 10 24
0.4 10 29
0.4 11 14
0.4 11 25
0.4 11 26
0.4 12 14
0.4 12 17
0.4 12 24
0.4 13 19
0.4 13 21
0.4 13 26
0.4 14 16
0.4 14 20
0.4 14 23
0.4 14 25
0.4 14 28
0.4 15 16
0.4 15 17
0.4 15 20
0.4 15 21
0.4 15 28
0.4 16 18
0.4 16 27
0.4 17 24
0.4 17 27
0.4 18 22
0.4 18 27
0.4 19 20
0.4 19 22
0.4 19 23
0.4 20 22
0.4 20 23
0.4 20 24
0.4 20 26
0.4 21 23
0.4 22 24
0.4 22 26
0.4 23 24
0.4 23 26
0.4 24 25
0.4 24 27

0 154 356 159 364 272 211 68 135 444 407 479 296 379 320 391 449 452 406 362 99 371 94 143 290 269 451 65 69 288 
154 0 301 255 186 255 249 340 372 174 137 446 456 363 144 348 161 55 452 442 93 405 122 354 66 355 186 338 467 434 
356 301 0 453 431 450 265 164 484 81 293 144 412 178 54 343 499 362 341 338 288 275 217 321 406 315 479 468 450 370 
159 255 453 0 390 328 398 62 239 130 172 88 83 114 183 84 299 486 293 89 67 273 427 437 378 209 263 283 297 63 
364 186 431 390 0 158 236 214 435 270 485 80 293 254 363 226 372 231 320 295 174 499 492 366 216 195 153 433 483 401 
272 255 450 328 158 0 63 139 285 303 235 223 181 143 291 413 388 481 210 252 286 61 146 288 84 184 353 418 494 320 
211 249 265 398 236 63 0 110 104 92 185 278 93 346 185 212 162 197 315 108 436 90 104 297 456 319 238 420 264 310 
68 340 164 62 214 139 110 0 189 219 259 477 335 52 75 290 162 228 213 267 66 433 406 75 418 191 214 411 472 383 
135 372 484 239 435 285 104 189 0 337 282 157 351 121 202 166 72 147 438 250 235 296 341 322 177 407 167 387 426 313 
444 174 81 130 270 303 92 219 337 0 299 62 380 291 218 305 394 208 261 418 116 421 205 98 309 224 398 279 388 280 
407 137 293 172 485 235 185 259 282 299 0 80 241 147 318 135 71 313 374 174 234 490 484 354 445 68 115 470 147 110 
479 446 144 88 80 223 278 477 157 62 80 0 438 366 334 376 240 473 292 403 169 102 245 245 114 330 57 125 92 446 
296 456 412 83 293 181 93 335 351 380 241 438 0 78 261 133 211 498 419 387 184 464 430 475 382 258 423 443 482 375 
379 363 178 114 254 143 346 52 121 291 147 366 78 0 152 133 355 152 393 286 176 277 463 345 440 474 256 344 376 208 
320 144 54 183 363 291 185 75 202 218 318 334 261 152 0 473 208 201 450 110 213 119 450 98 361 454 171 229 269 244 
391 348 343 84 226 413 212 290 166 305 135 376 133 133 473 0 69 203 424 435 223 137 197 78 407 142 353 265 106 356 
449 161 499 299 372 388 162 162 72 394 71 240 211 355 208 69 0 470 462 78 177 62 52 458 468 490 482 351 75 83 
452 55 362 486 231 481 197 228 147 208 313 473 498 152 201 203 470 0 435 381 415 261 382 389 409 155 451 151 112 463 
406 452 341 293 320 210 315 213 438 261 374 292 419 393 450 424 462 435 0 351 488 361 444 440 261 206 110 471 492 168 
362 442 338 89 295 252 108 267 250 418 174 403 387 286 110 435 78 381 351 0 395 454 423 441 419 127 455 228 290 315 
99 93 288 67 174 286 436 66 235 116 234 169 184 176 213 223 177 415 488 395 0 83 371 340 140 94 160 454 169 74 
371 405 275 273 499 61 90 433 296 421 490 102 464 277 119 137 62 261 361 454 83 0 252 370 312 273 409 452 349 366 
94 122 217 427 492 146 104 406 341 205 484 245 430 463 450 197 52 382 444 423 371 252 0 403 467 484 200 385 467 104 
143 354 321 437 366 288 297 75 322 98 354 245 475 345 98 78 458 389 440 441 340 370 403 0 375 268 265 270 348 401 
290 66 406 378 216 84 456 418 177 309 445 114 382 440 361 407 468 409 261 419 140 312 467 375 0 389 114 163 58 421 
269 355 315 209 195 184 319 191 407 224 68 330 258 474 454 142 490 155 206 127 94 273 484 268 389 0 277 496 175 278 
451 186 479 263 153 353 238 214 167 398 115 57 423 256 171 353 482 451 110 455 160 409 200 265 114 277 0 179 232 455 
65 338 468 283 433 418 420 411 387 279 470 125 443 344 229 265 351 151 471 228 454 452 385 270 163 496 179 0 485 429 
69 467 450 297 483 494 264 472 426 388 147 92 482 376 269 106 75 112 492 290 169 349 467 348 58 175 232 485 0 403 
288 434 370 63 401 320 310 383 313 280 110 446 375 208 244 356 83 463 168 315 74 366 104 401 421 278 455 429 403 0 

983 0 27
983 1 7
983 2 27
983 3 11
983 4 5
983 5 20
983 6 28
983 7 27
983 8 22
983 9 3
983 10 21
983 11 26
983 12 17
983 13 16
983 14 19
983 15 6
983 16 14
983 17 28
983 18 0
983 19 15
983 20 23
983 21 15
983 22 14
983 23 22
983 24 17
983 25 9
983 26 7
983 27 25
983 28 6
983 29 28
