30 30 4 43

0.25 0 1
0.25 0 26
0.25 0 29
0.25 1 18
0.25 2 8
0.25 2 13
0.25 2 14
0.25 2 17
0.25 2 19
0.25 2 22
0.25 2 26
0.25 3 6
0.25 3 24
0.25 4 21
0.25 4 25
0.25 4 28
0.25 6 25
0.25 6 29
0.25 8 17
0.25 8 20
0.25 8 21
0.25 8 25
0.25 8 26
0.25 9 25
0.25 10 12
0.25 11 14
0.25 11 20
0.25 11 22
0.25 12 14
0.25 12 25
0.25 13 17
0.25 14 26
0.25 15 25
0.25 16 24
0.25 16 27
0.25 17 20
0.25 17 21
0.25 18 23
0.25 18 29
0.25 20 23
0.25 21 22
0.25 21 24
0.25 23 28

0 103 456 317 138 78 353 337 135 84 140 389 186 137 347 323 414 189 63 465 437 119 276 169 358 141 358 206 126 394 
103 0 359 64 425 275 62 327 365 301 161 328 153 310 234 279 144 190 151 366 126 76 334 487 129 208 55 98 256 238 
456 359 0 138 205 306 152 169 382 465 71 462 271 187 83 463 440 495 130 409 167 238 462 190 472 401 417 222 67 143 
317 64 138 0 289 103 140 144 189 447 242 85 358 441 199 259 147 398 359 446 137 400 328 121 285 315 446 444 455 470 
138 425 205 289 0 213 333 235 320 296 251 414 99 290 303 366 177 262 257 70 238 102 394 95 308 261 362 349 168 444 
78 275 306 103 213 0 82 362 447 494 354 326 67 432 53 479 345 473 468 234 282 328 274 139 96 284 316 286 115 160 
353 62 152 140 333 82 0 197 212 221 481 173 107 83 92 396 156 500 245 228 444 331 401 160 408 350 87 205 383 181 
337 327 169 144 235 362 197 0 334 101 88 102 478 146 406 62 388 274 232 296 137 416 187 434 198 119 69 472 111 111 
135 365 382 189 320 447 212 334 0 303 387 353 118 320 275 476 387 448 336 326 86 69 470 234 422 364 423 232 171 433 
84 301 465 447 296 494 221 101 303 0 150 119 360 362 156 327 268 326 445 330 196 225 475 386 395 322 108 67 169 63 
140 161 71 242 251 354 481 88 387 150 0 471 117 315 212 302 369 283 161 370 481 247 257 474 94 110 281 494 266 172 
389 328 462 85 414 326 173 102 353 119 471 0 436 111 499 121 493 276 409 123 446 212 496 195 494 171 207 476 349 103 
186 153 271 358 99 67 107 478 118 360 117 436 0 275 213 353 430 385 356 76 160 302 419 421 440 368 408 293 107 389 
137 310 187 441 290 432 83 146 320 362 315 111 275 0 189 163 367 396 193 384 102 364 156 123 183 468 106 417 490 144 
347 234 83 199 303 53 92 406 275 156 212 499 213 189 0 142 412 368 305 432 354 300 305 175 360 75 277 83 343 158 
323 279 463 259 366 479 396 62 476 327 302 121 353 163 142 0 325 298 253 157 312 246 246 321 129 289 436 280 82 446 
414 144 440 147 177 345 156 388 387 268 369 493 430 367 412 325 0 247 394 242 122 352 193 260 123 118 373 330 283 134 
189 190 495 398 262 473 500 274 448 326 283 276 385 396 368 298 247 0 202 395 294 243 220 352 246 119 154 197 466 451 
63 151 130 359 257 468 245 232 336 445 161 409 356 193 305 253 394 202 0 124 246 89 472 51 309 489 59 92 322 234 
465 366 409 446 70 234 228 296 326 330 370 123 76 384 432 157 242 395 124 0 368 389 368 467 475 264 340 313 62 367 
437 126 167 137 238 282 444 137 86 196 481 446 160 102 354 312 122 294 246 368 0 145 417 103 166 252 179 340 51 172 
119 76 238 400 102 328 331 416 69 225 247 212 302 364 300 246 352 243 89 389 145 0 391 177 382 349 55 415 225 55 
276 334 462 328 394 274 401 187 470 475 257 496 419 156 305 246 193 220 472 368 417 391 0 329 150 343 165 417 312 135 
169 487 190 121 95 139 160 434 234 386 474 195 421 123 175 321 260 352 51 467 103 177 329 0 193 81 455 105 314 380 
358 129 472 285 308 96 408 198 422 395 94 494 440 183 360 129 123 246 309 475 166 382 150 193 0 301 250 462 64 231 
141 208 401 315 261 284 350 119 364 322 110 171 368 468 75 289 118 119 489 264 252 349 343 81 301 0 379 302 226 397 
358 55 417 446 362 316 87 69 423 108 281 207 408 106 277 436 373 154 59 340 179 55 165 455 250 379 0 317 230 193 
206 98 222 444 349 286 205 472 232 67 494 476 293 417 83 280 330 197 92 313 340 415 417 105 462 302 317 0 327 452 
126 256 67 455 168 115 383 111 171 169 266 349 107 490 343 82 283 466 322 62 51 225 312 314 64 226 230 327 0 330 
394 238 143 470 444 160 181 111 433 63 172 103 389 144 158 446 134 451 234 367 172 55 135 380 231 397 193 452 330 0 

517 0 6
517 1 4
517 2 11
517 3 4
517 4 14
517 5 28
517 6 17
517 7 21
517 8 17
517 9 15
517 10 14
517 11 13
517 12 17
517 13 27
517 14 15
517 15 18
517 16 2
517 17 27
517 18 17
517 19 13
517 20 22
517 21 28
517 22 19
517 23 28
517 24 22
517 25 28
517 26 14
517 27 2
517 28 15
517 29 18
