40 40 3 195

0.25 0 1
0.25 0 9
0.25 0 10
0.25 0 18
0.25 0 20
0.25 0 21
0.25 0 24
0.25 0 25
0.25 0 31
0.25 0 32
0.25 0 33
0.25 0 34
0.25 0 38
0.25 1 3
0.25 1 5
0.25 1 13
0.25 1 27
0.25 1 32
0.25 1 37
0.25 2 6
0.25 2 16
0.25 2 31
0.25 2 35
0.25 3 8
0.25 3 11
0.25 3 12
0.25 3 22
0.25 3 23
0.25 3 26
0.25 3 27
0.25 3 30
0.25 3 31
0.25 3 32
0.25 3 35
0.25 4 7
0.25 4 9
0.25 4 16
0.25 4 20
0.25 4 23
0.25 4 30
0.25 4 36
0.25 4 39
0.25 5 8
0.25 5 9
0.25 5 12
0.25 5 14
0.25 5 20
0.25 5 21
0.25 5 24
0.25 5 26
0.25 5 29
0.25 5 35
0.25 5 38
0.25 6 13
0.25 6 15
0.25 6 25
0.25 7 10
0.25 7 18
0.25 7 19
0.25 7 25
0.25 7 27
0.25 7 34
0.25 8 10
0.25 8 11
0.25 8 15
0.25 8 23
0.25 8 28
0.25 8 31
0.25 8 33
0.25 8 36
0.25 9 10
0.25 9 13
0.25 9 14
0.25 9 16
0.25 9 18
0.25 9 19
0.25 9 20
0.25 9 21
0.25 9 26
0.25 9 27
0.25 9 28
0.25 9 31
0.25 10 18
0.25 10 21
0.25 10 24
0.25 10 28
0.25 10 30
0.25 10 32
0.25 10 34
0.25 10 38
0.25 10 39
0.25 11 16
0.25 11 17
0.25 11 18
0.25 11 25
0.25 11 26
0.25 11 29
0.25 11 34
0.25 12 15
0.25 12 17
0.25 12 19
0.25 12 21
0.25 12 29
0.25 12 32
0.25 12 36
0.25 12 37
0.25 13 17
0.25 13 22
0.25 13 24
0.25 13 26
0.25 13 29
0.25 13 31
0.25 13 33
0.25 13 35
0.25 14 19
0.25 14 20
0.25 14 23
0.25 14 24
0.25 14 27
0.25 14 31
0.25 14 35
0.25 14 38
0.25 15 18
0.25 15 21
0.25 15 22
0.25 15 23
0.25 15 28
0.25 15 32
0.25 15 34
0.25 16 17
0.25 16 26
0.25 16 35
0.25 16 39
0.25 17 26
0.25 17 29
0.25 17 31
0.25 17 35
0.25 17 37
0.25 17 39
0.25 18 21
0.25 18 29
0.25 18 33
0.25 18 37
0.25 18 38
0.25 19 21
0.25 19 34
0.25 19 35
0.25 19 36
0.25 19 38
0.25 20 24
0.25 20 27
0.25 20 29
0.25 20 30
0.25 20 35
0.25 21 26
0.25 21 38
0.25 22 26
0.25 22 32
0.25 22 33
0.25 22 34
0.25 22 38
0.25 22 39
0.25 23 24
0.25 23 30
0.25 24 27
0.25 24 28
0.25 24 29
0.25 24 31
0.25 24 35
0.25 24 37
0.25 25 26
0.25 25 27
0.25 25 32
0.25 25 34
0.25 25 35
0.25 26 30
0.25 27 28
0.25 28 37
0.25 29 31
0.25 29 37
0.25 29 39
0.25 30 36
0.25 31 34
0.25 31 35
0.25 31 36
0.25 31 37
0.25 32 34
0.25 32 35
0.25 33 35
0.25 33 38
0.25 33 39
0.25 34 35
0.25 34 37
0.25 36 37
0.25 36 38

0 460 128 428 259 241 141 214 92 86 153 111 264 447 93 350 164 478 159 359 472 454 120 265 361 281 351 220 178 449 194 192 68 145 222 53 330 203 175 187 
460 0 249 80 461 123 390 433 487 394 82 201 326 283 187 130 218 469 165 198 125 173 238 327 466 314 385 267 431 412 54 398 476 488 195 89 255 190 236 111 
128 249 0 392 137 481 417 385 447 68 234 191 235 499 335 317 108 453 477 411 318 363 347 308 243 132 464 195 489 117 77 127 338 182 435 227 424 73 472 106 
428 80 392 0 155 379 139 313 51 174 70 442 489 174 455 470 301 447 379 469 308 313 123 322 149 235 123 410 473 334 105 426 445 280 498 92 259 255 151 497 
259 461 137 155 0 200 287 334 322 255 379 243 450 252 220 77 259 252 136 414 428 209 365 286 275 107 350 190 358 343 328 454 429 193 166 400 497 113 227 232 
241 123 481 379 200 0 487 337 195 467 228 384 440 90 176 99 270 258 117 88 428 470 468 156 328 451 148 496 256 105 361 161 449 326 483 225 115 61 347 135 
141 390 417 139 287 487 0 173 185 247 263 388 455 285 425 468 471 415 72 477 239 80 489 294 395 396 110 50 168 306 398 287 438 472 333 127 133 90 307 375 
214 433 385 313 334 337 173 0 352 235 92 451 403 105 496 201 141 160 65 242 209 221 79 465 179 174 370 153 474 200 383 107 242 98 361 223 376 95 405 369 
92 487 447 51 322 195 185 352 0 345 160 412 381 151 117 301 194 266 483 289 270 419 322 300 299 417 438 325 396 67 167 250 199 129 292 85 101 298 489 193 
86 394 68 174 255 467 247 235 345 0 354 83 56 436 414 57 223 178 337 319 345 348 353 120 429 138 51 106 163 424 304 160 304 489 85 191 424 477 247 177 
153 82 234 70 379 228 263 92 160 354 0 135 56 453 202 192 208 302 146 292 148 57 239 409 194 274 183 458 474 173 157 118 310 310 116 168 489 284 360 126 
111 201 191 442 243 384 388 451 412 83 135 0 170 92 263 113 107 329 159 153 59 390 202 146 120 398 144 386 255 169 297 357 262 496 360 173 129 168 171 54 
264 326 235 489 450 440 455 403 381 56 56 170 0 385 124 366 375 494 225 86 203 179 215 193 214 173 398 426 439 294 183 407 417 256 358 487 483 206 323 68 
447 283 499 174 252 90 285 105 151 436 453 92 385 0 104 334 177 343 281 157 296 325 51 273 300 375 307 151 79 353 276 251 268 362 446 340 287 228 172 216 
93 187 335 455 220 176 425 496 117 414 202 263 124 104 0 65 389 100 136 268 420 404 361 113 120 283 267 143 419 374 90 340 101 323 138 407 437 192 431 115 
350 130 317 470 77 99 468 201 301 57 192 113 366 334 65 0 185 158 400 62 171 107 391 389 178 422 242 108 80 439 486 204 120 173 346 321 239 233 351 174 
164 218 108 301 259 270 471 141 194 223 208 107 375 177 389 185 0 60 233 242 416 459 288 58 99 303 80 246 455 382 357 444 418 71 466 353 371 248 303 280 
478 469 453 447 252 258 415 160 266 178 302 329 494 343 100 158 60 0 290 110 215 142 289 142 191 183 164 491 70 500 479 196 454 282 77 91 473 427 258 315 
159 165 477 379 136 117 72 65 483 337 146 159 225 281 136 400 233 290 0 129 148 266 309 448 293 249 365 365 173 469 123 182 460 313 335 358 238 126 362 159 
359 198 411 469 414 88 477 242 289 319 292 153 86 157 268 62 242 110 129 0 364 229 135 247 195 467 162 463 62 336 356 66 434 440 63 500 317 313 185 460 
472 125 318 308 428 428 239 209 270 345 148 59 203 296 420 171 416 215 148 364 0 437 296 294 90 434 154 233 266 69 203 258 418 490 185 134 77 309 383 189 
454 173 363 313 209 470 80 221 419 348 57 390 179 325 404 107 459 142 266 229 437 0 405 369 273 319 287 152 371 348 165 92 51 342 331 330 70 322 110 474 
120 238 347 123 365 468 489 79 322 353 239 202 215 51 361 391 288 289 309 135 296 405 0 455 466 351 415 334 133 104 131 182 322 158 197 500 285 425 155 85 
265 327 308 322 286 156 294 465 300 120 409 146 193 273 113 389 58 142 448 247 294 369 455 0 185 483 287 304 228 492 258 95 463 497 336 240 186 121 114 482 
361 466 243 149 275 328 395 179 299 429 194 120 214 300 120 178 99 191 293 195 90 273 466 185 0 216 242 264 310 425 219 300 57 428 472 105 358 305 250 218 
281 314 132 235 107 451 396 174 417 138 274 398 173 375 283 422 303 183 249 467 434 319 351 483 216 0 138 438 235 187 122 107 136 445 293 333 176 383 279 141 
351 385 464 123 350 148 110 370 438 51 183 144 398 307 267 242 80 164 365 162 154 287 415 287 242 138 0 297 268 426 182 374 336 191 156 469 246 419 229 258 
220 267 195 410 190 496 50 153 325 106 458 386 426 151 143 108 246 491 365 463 233 152 334 304 264 438 297 0 320 234 113 432 439 146 69 159 162 249 168 64 
178 431 489 473 358 256 168 474 396 163 474 255 439 79 419 80 455 70 173 62 266 371 133 228 310 235 268 320 0 129 498 377 463 114 127 338 312 264 364 130 
449 412 117 334 343 105 306 200 67 424 173 169 294 353 374 439 382 500 469 336 69 348 104 492 425 187 426 234 129 0 123 127 414 341 71 391 276 476 370 124 
194 54 77 105 328 361 398 383 167 304 157 297 183 276 90 486 357 479 123 356 203 165 131 258 219 122 182 113 498 123 0 54 200 334 104 354 252 189 342 131 
192 398 127 426 454 161 287 107 250 160 118 357 407 251 340 204 444 196 182 66 258 92 182 95 300 107 374 432 377 127 54 0 238 416 55 97 141 418 489 475 
68 476 338 445 429 449 438 242 199 304 310 262 417 268 101 120 418 454 460 434 418 51 322 463 57 136 336 439 463 414 200 238 0 85 216 430 238 165 106 392 
145 488 182 280 193 326 472 98 129 489 310 496 256 362 323 173 71 282 313 440 490 342 158 497 428 445 191 146 114 341 334 416 85 0 489 80 382 212 70 187 
222 195 435 498 166 483 333 361 292 85 116 360 358 446 138 346 466 77 335 63 185 331 197 336 472 293 156 69 127 71 104 55 216 489 0 140 106 379 347 471 
53 89 227 92 400 225 127 223 85 191 168 173 487 340 407 321 353 91 358 500 134 330 500 240 105 333 469 159 338 391 354 97 430 80 140 0 441 435 283 123 
330 255 424 259 497 115 133 376 101 424 489 129 483 287 437 239 371 473 238 317 77 70 285 186 358 176 246 162 312 276 252 141 238 382 106 441 0 224 367 480 
203 190 73 255 113 61 90 95 298 477 284 168 206 228 192 233 248 427 126 313 309 322 425 121 305 383 419 249 264 476 189 418 165 212 379 435 224 0 360 102 
175 236 472 151 227 347 307 405 489 247 360 171 323 172 431 351 303 258 362 185 383 110 155 114 250 279 229 168 364 370 342 489 106 70 347 283 367 360 0 443 
187 111 106 497 232 135 375 369 193 177 126 54 68 216 115 174 280 315 159 460 189 474 85 482 218 141 258 64 130 124 131 475 392 187 471 123 480 102 443 0 

810.15 0 9
810.15 1 14
810.15 2 17
810.15 3 33
810.15 4 1
810.15 5 24
810.15 6 14
810.15 7 21
810.15 8 2
810.15 9 33
810.15 10 16
810.15 11 22
810.15 12 18
810.15 13 25
810.15 14 10
810.15 15 21
810.15 16 15
810.15 17 25
810.15 18 19
810.15 19 25
810.15 20 9
810.15 21 5
810.15 22 33
810.15 23 22
810.15 24 33
810.15 25 20
810.15 26 3
810.15 27 15
810.15 28 2
810.15 29 31
810.15 30 13
810.15 31 0
810.15 32 6
810.15 33 31
810.15 34 33
810.15 35 36
810.15 36 5
810.15 37 38
810.15 38 17
810.15 39 7
