10 10 4 11

0.4 0 2
0.4 0 4
0.4 0 8
0.4 1 4
0.4 1 5
0.4 1 8
0.4 1 9
0.4 2 7
0.4 4 7
0.4 5 8
0.4 7 9

0 315 366 411 61 347 268 172 313 55 
315 0 355 224 349 394 356 129 277 256 
366 355 0 176 122 308 373 319 319 128 
411 224 176 0 72 481 261 463 334 334 
61 349 122 72 0 227 141 442 349 485 
347 394 308 481 227 0 349 217 173 426 
268 356 373 261 141 349 0 301 244 435 
172 129 319 463 442 217 301 0 280 292 
313 277 319 334 349 173 244 280 0 162 
55 256 128 334 485 426 435 292 162 0 

543.5 0 6
543.5 1 4
543.5 2 3
543.5 3 7
543.5 4 7
543.5 5 7
543.5 6 3
543.5 7 1
543.5 8 5
543.5 9 0
