50 50 3 306

0.3 0 15
0.3 0 22
0.3 0 35
0.3 0 37
0.3 0 40
0.3 0 43
0.3 0 45
0.3 1 2
0.3 1 3
0.3 1 15
0.3 1 22
0.3 1 26
0.3 1 27
0.3 1 28
0.3 1 31
0.3 1 32
0.3 1 34
0.3 1 44
0.3 2 3
0.3 2 7
0.3 2 11
0.3 2 16
0.3 2 19
0.3 2 21
0.3 2 25
0.3 2 27
0.3 2 31
0.3 2 32
0.3 2 39
0.3 2 44
0.3 2 45
0.3 2 49
0.3 3 7
0.3 3 8
0.3 3 9
0.3 3 10
0.3 3 16
0.3 3 20
0.3 3 21
0.3 3 22
0.3 3 29
0.3 3 30
0.3 3 32
0.3 3 38
0.3 3 39
0.3 3 43
0.3 4 5
0.3 4 10
0.3 4 14
0.3 4 15
0.3 4 16
0.3 4 20
0.3 4 24
0.3 4 25
0.3 4 30
0.3 4 32
0.3 4 34
0.3 4 37
0.3 4 42
0.3 4 43
0.3 4 44
0.3 4 47
0.3 4 48
0.3 4 49
0.3 5 7
0.3 5 11
0.3 5 15
0.3 5 17
0.3 5 19
0.3 5 23
0.3 5 24
0.3 5 28
0.3 5 29
0.3 5 40
0.3 5 45
0.3 5 47
0.3 5 49
0.3 6 7
0.3 6 9
0.3 6 11
0.3 6 21
0.3 6 26
0.3 6 29
0.3 6 31
0.3 6 34
0.3 6 38
0.3 6 41
0.3 6 45
0.3 7 12
0.3 7 18
0.3 7 20
0.3 7 22
0.3 7 23
0.3 7 30
0.3 7 31
0.3 7 32
0.3 7 33
0.3 7 39
0.3 7 40
0.3 7 47
0.3 8 18
0.3 8 32
0.3 8 33
0.3 8 39
0.3 8 43
0.3 8 46
0.3 9 13
0.3 9 18
0.3 9 19
0.3 9 21
0.3 9 26
0.3 9 30
0.3 9 33
0.3 9 34
0.3 9 35
0.3 9 36
0.3 9 42
0.3 10 18
0.3 10 31
0.3 10 32
0.3 10 33
0.3 10 39
0.3 10 45
0.3 11 14
0.3 11 22
0.3 11 23
0.3 11 29
0.3 11 31
0.3 11 33
0.3 11 37
0.3 11 39
0.3 11 40
0.3 11 43
0.3 11 48
0.3 11 49
0.3 12 16
0.3 12 22
0.3 12 23
0.3 12 28
0.3 12 35
0.3 12 37
0.3 12 39
0.3 12 43
0.3 12 49
0.3 13 14
0.3 13 18
0.3 13 21
0.3 13 23
0.3 13 27
0.3 13 31
0.3 13 37
0.3 13 43
0.3 13 46
0.3 14 17
0.3 14 20
0.3 14 21
0.3 14 30
0.3 14 35
0.3 14 37
0.3 14 43
0.3 14 45
0.3 14 47
0.3 15 22
0.3 15 31
0.3 15 42
0.3 15 43
0.3 15 45
0.3 15 46
0.3 15 47
0.3 15 49
0.3 16 19
0.3 16 20
0.3 16 21
0.3 16 25
0.3 16 26
0.3 16 31
0.3 16 34
0.3 16 38
0.3 16 39
0.3 16 43
0.3 16 48
0.3 17 19
0.3 17 20
0.3 17 26
0.3 17 27
0.3 17 29
0.3 17 40
0.3 17 41
0.3 17 45
0.3 17 46
0.3 17 49
0.3 18 22
0.3 18 25
0.3 18 27
0.3 18 32
0.3 18 34
0.3 18 45
0.3 18 47
0.3 19 21
0.3 19 24
0.3 19 29
0.3 19 30
0.3 19 33
0.3 19 38
0.3 19 43
0.3 19 46
0.3 19 48
0.3 20 26
0.3 20 29
0.3 20 30
0.3 20 37
0.3 20 40
0.3 20 41
0.3 21 24
0.3 21 38
0.3 21 42
0.3 21 48
0.3 21 49
0.3 22 23
0.3 22 28
0.3 22 33
0.3 22 35
0.3 22 41
0.3 22 43
0.3 22 47
0.3 23 32
0.3 23 34
0.3 23 40
0.3 23 42
0.3 23 44
0.3 23 46
0.3 23 48
0.3 24 30
0.3 24 33
0.3 24 34
0.3 24 37
0.3 24 41
0.3 24 44
0.3 24 45
0.3 24 46
0.3 25 29
0.3 25 30
0.3 25 32
0.3 25 43
0.3 25 47
0.3 26 33
0.3 26 39
0.3 26 40
0.3 26 43
0.3 27 28
0.3 27 31
0.3 27 33
0.3 27 34
0.3 27 36
0.3 27 40
0.3 27 41
0.3 27 47
0.3 28 37
0.3 28 38
0.3 28 39
0.3 28 40
0.3 28 48
0.3 29 39
0.3 29 41
0.3 29 43
0.3 29 47
0.3 29 48
0.3 30 42
0.3 30 44
0.3 30 45
0.3 31 33
0.3 31 42
0.3 31 44
0.3 31 49
0.3 32 39
0.3 32 43
0.3 33 37
0.3 33 38
0.3 33 40
0.3 33 42
0.3 33 47
0.3 34 39
0.3 34 43
0.3 34 44
0.3 34 49
0.3 35 38
0.3 35 41
0.3 35 46
0.3 36 38
0.3 36 41
0.3 36 44
0.3 37 38
0.3 37 42
0.3 38 39
0.3 38 48
0.3 39 44
0.3 40 41
0.3 40 44
0.3 40 45
0.3 40 48
0.3 41 42
0.3 42 46
0.3 43 44
0.3 43 45
0.3 43 48
0.3 44 48

0 50 259 81 406 353 63 393 430 110 62 380 496 268 385 393 54 275 164 361 238 147 243 458 303 174 479 187 256 150 486 150 55 231 406 327 271 317 367 52 60 214 294 51 440 185 444 236 108 304 
50 0 427 497 172 476 285 105 312 122 444 254 155 364 403 350 84 370 62 120 215 426 153 414 292 282 96 398 113 180 150 473 354 55 387 360 62 79 83 393 92 373 367 138 189 326 428 429 403 375 
259 427 0 197 211 272 339 487 281 152 146 270 107 267 400 442 421 266 273 426 257 237 173 136 199 320 235 471 94 360 471 86 334 494 303 334 353 331 174 333 330 385 341 406 122 465 290 252 237 297 
81 497 197 0 174 200 232 155 430 272 108 194 355 246 400 484 163 465 397 488 66 393 164 98 126 312 52 386 150 356 372 328 89 135 55 386 492 356 349 92 215 171 126 347 424 449 418 107 431 113 
406 172 211 174 0 316 176 220 277 453 383 183 133 66 204 324 190 193 330 131 468 472 315 219 312 257 170 349 457 450 460 344 405 298 455 131 229 325 298 186 297 102 54 254 397 304 468 62 88 420 
353 476 272 200 316 0 389 374 414 456 479 289 60 492 385 61 76 277 54 295 72 297 260 164 239 294 345 449 199 161 327 497 86 393 373 214 339 279 247 66 69 115 258 353 103 392 321 450 498 220 
63 285 339 232 176 389 0 107 461 247 203 181 310 280 152 250 318 215 282 170 365 201 373 441 220 172 384 188 120 212 321 361 400 117 109 451 239 232 76 308 182 121 316 394 477 82 368 415 447 50 
393 105 487 155 220 374 107 0 274 224 275 319 86 413 310 70 281 420 370 289 301 291 478 292 235 59 158 83 99 407 120 372 276 364 65 64 132 454 327 156 92 418 369 210 228 218 234 299 398 493 
430 312 281 430 277 414 461 274 0 155 84 65 441 128 443 77 178 305 227 190 319 253 430 188 197 85 164 451 498 310 489 323 115 348 380 461 333 461 300 89 477 171 369 127 255 447 393 464 235 468 
110 122 152 272 453 456 247 224 155 0 190 95 171 241 457 449 334 163 122 463 82 253 127 183 341 77 195 309 275 282 434 349 456 111 358 487 296 276 101 471 65 412 347 254 52 247 347 391 452 314 
62 444 146 108 383 479 203 275 84 190 0 279 306 390 149 56 223 183 303 239 144 113 331 395 321 136 366 378 237 212 136 305 287 301 433 492 449 58 90 456 244 418 311 170 423 479 362 429 499 105 
380 254 270 194 183 289 181 319 65 95 279 0 385 272 453 197 341 208 316 89 79 197 356 311 245 103 164 90 80 63 478 166 231 92 297 403 377 123 294 448 285 276 305 257 205 481 233 248 291 277 
496 155 107 355 133 60 310 86 441 171 306 385 0 130 473 76 433 396 349 340 150 418 315 53 59 267 73 173 225 263 145 82 488 211 330 287 178 228 233 255 251 477 473 262 432 422 316 255 225 334 
268 364 267 246 66 492 280 413 128 241 390 272 130 0 186 454 382 136 127 353 422 76 431 416 192 306 375 248 252 399 149 157 150 210 271 106 476 323 59 240 474 126 336 463 288 101 402 188 85 130 
385 403 400 400 204 385 152 310 443 457 149 453 473 186 0 86 69 244 297 309 212 213 327 278 392 495 199 442 164 300 240 265 203 472 236 160 337 347 264 468 231 188 139 102 180 364 177 381 342 108 
393 350 442 484 324 61 250 70 77 449 56 197 76 454 86 0 118 400 218 319 137 141 318 376 301 170 308 489 473 439 251 480 223 132 301 94 349 75 317 89 451 210 409 485 414 286 224 267 184 256 
54 84 421 163 190 76 318 281 178 334 223 341 433 382 69 118 0 377 344 457 52 98 131 150 330 353 217 118 376 151 399 114 421 440 359 383 162 57 457 250 159 240 241 258 107 143 286 96 50 98 
275 370 266 465 193 277 215 420 305 163 183 208 396 136 244 400 377 0 261 345 457 78 324 207 74 315 459 222 118 414 385 371 280 265 257 77 246 494 350 384 349 158 96 274 272 268 257 196 351 113 
164 62 273 397 330 54 282 370 227 122 303 316 349 127 297 218 344 261 0 323 464 392 70 454 403 121 281 120 414 167 108 120 294 137 101 461 315 426 409 446 133 161 250 347 428 334 164 275 201 424 
361 120 426 488 131 295 170 289 190 463 239 89 340 353 309 319 457 345 323 0 499 367 334 431 347 362 230 267 364 233 68 379 299 315 327 220 67 469 78 309 293 325 274 124 134 81 134 166 234 271 
238 215 257 66 468 72 365 301 319 82 144 79 150 422 212 137 52 457 464 499 0 317 388 269 284 213 453 480 186 238 258 145 375 300 211 431 347 264 285 479 399 443 154 446 415 451 492 430 309 478 
147 426 237 393 472 297 201 291 253 253 113 197 418 76 213 141 98 78 392 367 317 0 217 475 74 464 401 287 342 287 291 329 329 262 209 203 478 134 313 279 359 230 461 76 348 267 358 103 339 246 
243 153 173 164 315 260 373 478 430 127 331 356 315 431 327 318 131 324 70 334 388 217 0 361 124 370 82 432 434 96 463 169 174 454 131 260 441 448 334 447 209 420 180 489 458 366 80 309 424 178 
458 414 136 98 219 164 441 292 188 183 395 311 53 416 278 376 150 207 454 431 269 475 361 0 160 249 474 260 159 130 496 108 433 158 404 405 194 136 304 494 206 319 302 450 311 480 64 360 231 343 
303 292 199 126 312 239 220 235 197 341 321 245 59 192 392 301 330 74 403 347 284 74 124 160 0 244 228 467 321 129 93 324 359 305 243 395 462 385 417 430 234 127 343 223 328 421 269 482 123 310 
174 282 320 312 257 294 172 59 85 77 136 103 267 306 495 170 353 315 121 362 213 464 370 249 244 0 395 140 428 237 92 212 93 487 90 213 270 366 200 168 408 437 139 366 225 341 180 55 91 82 
479 96 235 52 170 345 384 158 164 195 366 164 73 375 199 308 217 459 281 230 453 401 82 474 228 395 0 367 90 239 124 150 83 327 268 217 453 229 352 183 263 405 272 269 367 263 285 395 107 383 
187 398 471 386 349 449 188 83 451 309 378 90 173 248 442 489 118 222 120 267 480 287 432 260 467 140 367 0 287 156 280 154 219 253 242 347 272 405 145 184 245 458 296 482 384 334 365 106 112 165 
256 113 94 150 457 199 120 99 498 275 237 80 225 252 164 473 376 118 414 364 186 342 434 159 321 428 90 287 0 371 281 199 242 364 453 278 166 99 334 99 379 134 222 112 158 238 52 67 310 279 
150 180 360 356 450 161 212 407 310 282 212 63 263 399 300 439 151 414 167 233 238 287 96 130 129 237 239 156 371 0 437 382 171 500 313 123 301 69 432 276 335 83 156 141 92 409 182 87 314 106 
486 150 471 372 460 327 321 120 489 434 136 478 145 149 240 251 399 385 108 68 258 291 463 496 93 92 124 280 281 437 0 297 466 413 246 309 419 398 309 209 118 107 367 308 404 385 61 101 75 228 
150 473 86 328 344 497 361 372 323 349 305 166 82 157 265 480 114 371 120 379 145 329 169 108 324 212 150 154 199 382 297 0 454 95 115 104 143 366 200 101 145 54 222 321 97 129 202 253 124 83 
55 354 334 89 405 86 400 276 115 456 287 231 488 150 203 223 421 280 294 299 375 329 174 433 359 93 83 219 242 171 466 454 0 54 406 189 314 98 221 168 377 407 229 437 231 234 109 466 423 188 
231 55 494 135 298 393 117 364 348 111 301 92 211 210 472 132 440 265 137 315 300 262 454 158 305 487 327 253 364 500 413 95 54 0 255 142 478 228 433 249 398 442 414 421 477 349 302 303 262 476 
406 387 303 55 455 373 109 65 380 358 433 297 330 271 236 301 359 257 101 327 211 209 131 404 243 90 268 242 453 313 246 115 406 255 0 196 341 428 499 351 310 175 298 167 227 78 119 66 55 353 
327 360 334 386 131 214 451 64 461 487 492 403 287 106 160 94 383 77 461 220 431 203 260 405 395 213 217 347 278 123 309 104 189 142 196 0 493 374 225 61 380 459 441 397 335 488 283 234 462 107 
271 62 353 492 229 339 239 132 333 296 449 377 178 476 337 349 162 246 315 67 347 478 441 194 462 270 453 272 166 301 419 143 314 478 341 493 0 214 387 472 174 264 171 273 79 240 329 252 466 195 
317 79 331 356 325 279 232 454 461 276 58 123 228 323 347 75 57 494 426 469 264 134 448 136 385 366 229 405 99 69 398 366 98 228 428 374 214 0 75 365 198 454 320 267 204 317 437 188 208 109 
367 83 174 349 298 247 76 327 300 101 90 294 233 59 264 317 457 350 409 78 285 313 334 304 417 200 352 145 334 432 309 200 221 433 499 225 387 75 0 167 423 377 309 106 269 412 224 483 115 307 
52 393 333 92 186 66 308 156 89 471 456 448 255 240 468 89 250 384 446 309 479 279 447 494 430 168 183 184 99 276 209 101 168 249 351 61 472 365 167 0 150 385 247 350 284 393 429 422 408 370 
60 92 330 215 297 69 182 92 477 65 244 285 251 474 231 451 159 349 133 293 399 359 209 206 234 408 263 245 379 335 118 145 377 398 310 380 174 198 423 150 0 365 166 227 413 63 490 78 366 129 
214 373 385 171 102 115 121 418 171 412 418 276 477 126 188 210 240 158 161 325 443 230 420 319 127 437 405 458 134 83 107 54 407 442 175 459 264 454 377 385 365 0 120 226 191 390 85 168 114 362 
294 367 341 126 54 258 316 369 369 347 311 305 473 336 139 409 241 96 250 274 154 461 180 302 343 139 272 296 222 156 367 222 229 414 298 441 171 320 309 247 166 120 0 314 439 373 368 170 198 353 
51 138 406 347 254 353 394 210 127 254 170 257 262 463 102 485 258 274 347 124 446 76 489 450 223 366 269 482 112 141 308 321 437 421 167 397 273 267 106 350 227 226 314 0 345 191 306 490 90 413 
440 189 122 424 397 103 477 228 255 52 423 205 432 288 180 414 107 272 428 134 415 348 458 311 328 225 367 384 158 92 404 97 231 477 227 335 79 204 269 284 413 191 439 345 0 441 437 62 149 198 
185 326 465 449 304 392 82 218 447 247 479 481 422 101 364 286 143 268 334 81 451 267 366 480 421 341 263 334 238 409 385 129 234 349 78 488 240 317 412 393 63 390 373 191 441 0 496 257 247 411 
444 428 290 418 468 321 368 234 393 347 362 233 316 402 177 224 286 257 164 134 492 358 80 64 269 180 285 365 52 182 61 202 109 302 119 283 329 437 224 429 490 85 368 306 437 496 0 463 224 375 
236 429 252 107 62 450 415 299 464 391 429 248 255 188 381 267 96 196 275 166 430 103 309 360 482 55 395 106 67 87 101 253 466 303 66 234 252 188 483 422 78 168 170 490 62 257 463 0 357 453 
108 403 237 431 88 498 447 398 235 452 499 291 225 85 342 184 50 351 201 234 309 339 424 231 123 91 107 112 310 314 75 124 423 262 55 462 466 208 115 408 366 114 198 90 149 247 224 357 0 230 
304 375 297 113 420 220 50 493 468 314 105 277 334 130 108 256 98 113 424 271 478 246 178 343 310 82 383 165 279 106 228 83 188 476 353 107 195 109 307 370 129 362 353 413 198 411 375 453 230 0 

1481.5 0 2
1481.5 1 2
1481.5 2 40
1481.5 3 34
1481.5 4 11
1481.5 5 47
1481.5 6 32
1481.5 7 42
1481.5 8 7
1481.5 9 19
1481.5 10 5
1481.5 11 38
1481.5 12 43
1481.5 13 40
1481.5 14 28
1481.5 15 11
1481.5 16 8
1481.5 17 27
1481.5 18 39
1481.5 19 20
1481.5 20 33
1481.5 21 42
1481.5 22 38
1481.5 23 7
1481.5 24 39
1481.5 25 11
1481.5 26 30
1481.5 27 39
1481.5 28 8
1481.5 29 43
1481.5 30 44
1481.5 31 10
1481.5 32 0
1481.5 33 35
1481.5 34 44
1481.5 35 17
1481.5 36 39
1481.5 37 27
1481.5 38 10
1481.5 39 46
1481.5 40 2
1481.5 41 15
1481.5 42 40
1481.5 43 45
1481.5 44 12
1481.5 45 19
1481.5 46 12
1481.5 47 20
1481.5 48 47
1481.5 49 3
