20 20 3 38

0.25 0 6
0.25 0 12
0.25 0 16
0.25 0 18
0.25 1 5
0.25 1 9
0.25 1 11
0.25 2 4
0.25 2 5
0.25 3 6
0.25 3 7
0.25 3 9
0.25 3 10
0.25 3 18
0.25 3 19
0.25 4 6
0.25 4 8
0.25 4 9
0.25 6 18
0.25 6 19
0.25 7 10
0.25 7 11
0.25 7 15
0.25 7 19
0.25 8 15
0.25 9 17
0.25 9 19
0.25 10 12
0.25 11 12
0.25 11 13
0.25 11 14
0.25 11 15
0.25 12 14
0.25 12 18
0.25 12 19
0.25 13 18
0.25 14 18
0.25 14 19

0 479 227 94 334 450 352 323 386 307 380 122 442 64 469 123 336 256 367 488 
479 0 67 407 420 392 174 449 228 448 440 177 346 375 451 315 161 440 147 317 
227 67 0 406 378 458 234 500 177 194 274 379 400 378 162 56 372 183 395 448 
94 407 406 0 269 300 176 478 120 184 320 61 342 150 393 179 493 385 338 147 
334 420 378 269 0 148 400 142 161 424 115 62 236 126 490 329 273 268 335 457 
450 392 458 300 148 0 226 421 401 143 380 106 79 473 321 137 471 270 195 488 
352 174 234 176 400 226 0 440 164 75 496 188 435 429 91 56 482 147 349 76 
323 449 500 478 142 421 440 0 67 381 145 132 469 328 91 429 93 403 320 343 
386 228 177 120 161 401 164 67 0 149 328 425 411 94 220 213 61 189 372 100 
307 448 194 184 424 143 75 381 149 0 251 89 84 312 383 480 279 333 450 86 
380 440 274 320 115 380 496 145 328 251 0 453 104 206 484 113 471 223 81 131 
122 177 379 61 62 106 188 132 425 89 453 0 106 105 457 491 395 387 54 205 
442 346 400 342 236 79 435 469 411 84 104 106 0 80 74 280 262 113 124 208 
64 375 378 150 126 473 429 328 94 312 206 105 80 0 452 131 183 304 208 205 
469 451 162 393 490 321 91 91 220 383 484 457 74 452 0 403 175 289 260 58 
123 315 56 179 329 137 56 429 213 480 113 491 280 131 403 0 421 155 63 103 
336 161 372 493 273 471 482 93 61 279 471 395 262 183 175 421 0 416 341 493 
256 440 183 385 268 270 147 403 189 333 223 387 113 304 289 155 416 0 351 343 
367 147 395 338 335 195 349 320 372 450 81 54 124 208 260 63 341 351 0 455 
488 317 448 147 457 488 76 343 100 86 131 205 208 205 58 103 493 343 455 0 

441.54 0 4
441.54 1 12
441.54 2 0
441.54 3 5
441.54 4 10
441.54 5 13
441.54 6 5
441.54 7 3
441.54 8 4
441.54 9 3
441.54 10 15
441.54 11 12
441.54 12 2
441.54 13 6
441.54 14 5
441.54 15 14
441.54 16 13
441.54 17 4
441.54 18 8
441.54 19 17
