50 50 3 245

0.25 0 2
0.25 0 14
0.25 0 18
0.25 0 25
0.25 0 47
0.25 0 48
0.25 1 4
0.25 1 7
0.25 1 16
0.25 1 26
0.25 1 29
0.25 1 33
0.25 1 40
0.25 1 41
0.25 2 3
0.25 2 12
0.25 2 24
0.25 2 25
0.25 2 26
0.25 2 32
0.25 2 37
0.25 3 9
0.25 3 18
0.25 3 25
0.25 3 39
0.25 3 40
0.25 3 43
0.25 3 49
0.25 4 14
0.25 4 16
0.25 4 33
0.25 4 41
0.25 5 9
0.25 5 31
0.25 5 35
0.25 5 36
0.25 5 39
0.25 5 40
0.25 5 43
0.25 5 49
0.25 6 7
0.25 6 8
0.25 6 9
0.25 6 18
0.25 6 20
0.25 6 25
0.25 6 30
0.25 6 33
0.25 6 34
0.25 6 36
0.25 6 37
0.25 6 41
0.25 6 44
0.25 6 46
0.25 7 9
0.25 7 13
0.25 7 19
0.25 7 22
0.25 7 24
0.25 7 25
0.25 7 34
0.25 7 36
0.25 7 43
0.25 7 44
0.25 7 49
0.25 8 13
0.25 8 15
0.25 8 19
0.25 8 23
0.25 8 24
0.25 8 28
0.25 8 31
0.25 8 33
0.25 8 44
0.25 8 46
0.25 8 49
0.25 9 18
0.25 9 23
0.25 9 24
0.25 9 30
0.25 9 33
0.25 9 36
0.25 9 40
0.25 9 42
0.25 9 44
0.25 10 15
0.25 10 16
0.25 10 19
0.25 10 25
0.25 10 26
0.25 10 29
0.25 10 33
0.25 10 41
0.25 10 42
0.25 10 46
0.25 11 14
0.25 11 20
0.25 11 25
0.25 11 26
0.25 11 27
0.25 11 28
0.25 11 29
0.25 11 31
0.25 11 33
0.25 11 36
0.25 11 42
0.25 11 44
0.25 12 13
0.25 12 24
0.25 12 27
0.25 12 39
0.25 13 22
0.25 13 39
0.25 13 47
0.25 14 16
0.25 14 17
0.25 14 20
0.25 14 31
0.25 14 41
0.25 14 42
0.25 14 47
0.25 15 21
0.25 15 36
0.25 15 37
0.25 15 39
0.25 15 44
0.25 15 47
0.25 15 48
0.25 16 23
0.25 16 26
0.25 16 29
0.25 16 37
0.25 16 39
0.25 17 19
0.25 18 19
0.25 18 20
0.25 18 30
0.25 18 41
0.25 18 43
0.25 18 44
0.25 19 20
0.25 19 21
0.25 19 24
0.25 19 34
0.25 19 35
0.25 19 38
0.25 19 40
0.25 19 41
0.25 20 24
0.25 20 27
0.25 20 31
0.25 20 35
0.25 20 36
0.25 20 37
0.25 20 40
0.25 20 41
0.25 20 46
0.25 20 47
0.25 21 24
0.25 21 25
0.25 21 28
0.25 21 44
0.25 22 25
0.25 22 28
0.25 22 29
0.25 22 38
0.25 22 44
0.25 22 46
0.25 22 49
0.25 23 25
0.25 23 26
0.25 23 31
0.25 23 32
0.25 23 37
0.25 24 26
0.25 24 27
0.25 24 37
0.25 25 27
0.25 25 28
0.25 25 30
0.25 25 33
0.25 25 36
0.25 25 41
0.25 25 49
0.25 26 30
0.25 26 32
0.25 26 42
0.25 27 28
0.25 27 30
0.25 27 31
0.25 27 35
0.25 27 39
0.25 27 41
0.25 27 42
0.25 27 48
0.25 28 31
0.25 28 43
0.25 28 47
0.25 29 32
0.25 29 38
0.25 29 44
0.25 30 34
0.25 30 36
0.25 30 38
0.25 30 41
0.25 30 44
0.25 30 47
0.25 30 49
0.25 31 33
0.25 31 43
0.25 32 34
0.25 32 36
0.25 32 37
0.25 32 42
0.25 32 45
0.25 33 34
0.25 33 35
0.25 33 37
0.25 33 41
0.25 34 41
0.25 34 47
0.25 34 48
0.25 35 36
0.25 35 37
0.25 36 39
0.25 36 46
0.25 36 47
0.25 36 49
0.25 37 45
0.25 37 49
0.25 38 39
0.25 38 42
0.25 39 46
0.25 39 49
0.25 40 41
0.25 40 44
0.25 41 45
0.25 42 43
0.25 42 47
0.25 43 44
0.25 43 48
0.25 43 49
0.25 45 49
0.25 46 47
0.25 47 48

0 428 439 416 196 391 91 282 73 270 270 176 324 57 252 82 367 332 111 490 499 200 331 427 106 278 249 327 199 442 227 358 233 54 326 424 201 257 83 222 226 84 455 346 84 157 309 68 303 121 
428 0 296 80 202 477 185 486 431 269 180 314 229 253 486 267 73 72 436 337 239 358 106 436 93 466 181 245 335 293 432 169 411 449 301 333 429 417 80 463 486 442 489 77 311 418 485 401 385 346 
439 296 0 223 416 204 323 162 95 307 269 250 337 299 171 309 291 449 434 196 377 284 255 368 192 473 445 363 333 381 96 187 397 191 240 432 213 139 341 244 122 213 176 62 473 359 295 81 407 454 
416 80 223 0 216 230 459 99 452 186 93 160 338 440 421 242 108 73 479 412 415 488 61 346 217 430 189 168 450 140 470 160 343 222 481 434 311 440 367 255 364 342 61 189 107 171 340 268 347 187 
196 202 416 216 0 402 457 189 125 435 139 93 121 379 445 274 195 296 439 356 309 214 101 270 75 364 240 275 161 127 68 345 462 463 252 75 218 80 148 326 205 307 201 493 187 424 212 254 81 218 
391 477 204 230 402 0 376 463 97 404 433 387 478 132 239 268 418 216 280 451 485 458 434 232 214 399 199 111 77 420 393 205 308 205 65 280 68 311 54 492 188 291 346 313 448 75 241 197 124 463 
91 185 323 459 457 376 0 278 367 162 419 205 241 357 451 247 53 477 347 110 380 54 97 245 302 472 417 299 313 296 304 259 308 245 59 158 212 50 206 195 407 255 378 405 440 131 338 460 494 459 
282 486 162 99 189 463 278 0 155 139 127 495 441 165 381 213 140 216 78 136 274 248 497 234 372 420 205 219 486 445 438 355 73 119 243 404 107 370 64 220 300 208 226 374 148 414 300 323 366 309 
73 431 95 452 125 97 367 155 0 134 418 463 116 465 282 146 369 69 358 255 424 159 430 169 140 199 378 458 58 203 395 349 156 323 348 290 233 293 72 194 235 162 489 325 167 439 430 165 457 282 
270 269 307 186 435 404 162 139 134 0 287 460 81 377 288 329 384 305 210 362 122 215 219 76 237 164 103 489 130 315 455 153 167 284 225 149 164 127 383 463 90 248 123 364 133 385 251 389 251 342 
270 180 269 93 139 433 419 127 418 287 0 117 210 365 452 277 128 199 119 406 188 267 403 290 446 344 69 125 491 186 347 310 89 333 379 402 466 118 83 388 204 338 342 170 149 99 202 304 488 352 
176 314 250 160 93 387 205 495 463 460 117 0 454 124 466 262 363 281 401 131 142 157 494 130 192 431 484 130 228 211 417 195 57 216 304 183 355 458 156 188 148 229 302 282 336 363 265 114 61 162 
324 229 337 338 121 478 241 441 116 81 210 454 0 421 236 293 91 97 465 150 318 405 210 294 213 84 74 194 294 152 141 69 394 186 285 458 132 340 297 464 308 261 372 267 482 386 159 272 178 92 
57 253 299 440 379 132 357 165 465 377 365 124 421 0 148 153 93 302 259 467 475 351 390 341 178 352 195 453 479 176 57 157 196 249 291 246 276 417 440 360 365 107 327 415 206 498 243 265 398 162 
252 486 171 421 445 239 451 381 282 288 452 466 236 148 0 333 98 113 440 66 288 279 207 270 388 58 389 183 303 145 68 409 417 109 394 408 126 311 395 337 127 213 344 443 136 85 51 98 460 51 
82 267 309 242 274 268 247 213 146 329 277 262 293 153 333 0 190 170 487 83 229 420 167 342 397 175 395 420 375 396 267 294 187 413 359 172 249 227 447 144 207 220 258 317 482 412 142 108 124 177 
367 73 291 108 195 418 53 140 369 384 128 363 91 93 98 190 0 82 414 446 330 335 150 93 53 296 489 192 379 362 360 374 276 140 345 469 214 313 111 96 195 160 301 377 307 342 162 485 452 329 
332 72 449 73 296 216 477 216 69 305 199 281 97 302 113 170 82 0 219 455 446 158 161 199 170 455 75 208 462 154 170 268 391 368 68 104 56 378 462 183 165 318 266 476 300 324 395 67 233 444 
111 436 434 479 439 280 347 78 358 210 119 401 465 259 440 487 414 219 0 313 289 193 276 267 394 317 430 114 57 477 128 415 308 347 458 65 142 208 288 405 287 193 382 383 460 472 249 396 494 500 
490 337 196 412 356 451 110 136 255 362 406 131 150 467 66 83 446 455 313 0 172 258 316 446 133 459 97 80 54 240 464 209 435 419 273 410 147 407 51 207 180 489 305 254 461 240 354 94 466 327 
499 239 377 415 309 485 380 274 424 122 188 142 318 475 288 229 330 446 289 172 0 437 379 399 414 132 84 309 154 323 147 232 122 149 197 232 180 81 473 61 361 410 253 464 491 292 166 197 116 135 
200 358 284 488 214 458 54 248 159 215 267 157 405 351 279 420 335 158 193 258 437 0 139 427 234 411 311 310 422 485 75 61 75 222 187 431 397 200 198 455 63 106 89 437 207 138 486 218 166 238 
331 106 255 61 101 434 97 497 430 219 403 494 210 390 207 167 150 161 276 316 379 139 0 92 109 356 343 106 119 452 286 234 375 422 442 187 361 171 425 480 63 299 251 51 97 239 119 197 59 489 
427 436 368 346 270 232 245 234 169 76 290 130 294 341 270 342 93 199 267 446 399 427 92 0 255 342 489 238 391 427 131 224 53 230 177 434 482 117 481 400 277 486 403 218 430 414 262 334 114 479 
106 93 192 217 75 214 302 372 140 237 446 192 213 178 388 397 53 170 394 133 414 234 109 255 0 80 127 357 438 162 477 349 130 219 415 174 388 134 140 330 252 92 295 399 425 195 429 176 140 170 
278 466 473 430 364 399 472 420 199 164 344 431 84 352 58 175 296 455 317 459 132 411 356 342 80 0 301 140 379 70 419 417 291 274 277 98 204 234 311 332 347 180 210 351 51 335 274 51 112 211 
249 181 445 189 240 199 417 205 378 103 69 484 74 195 389 395 489 75 430 97 84 311 343 489 127 301 0 499 447 73 450 143 146 71 496 56 493 304 161 129 155 267 100 301 449 202 449 172 384 257 
327 245 363 168 275 111 299 219 458 489 125 130 194 453 183 420 192 208 114 80 309 310 106 238 357 140 499 0 175 99 253 54 135 129 488 144 58 204 378 279 474 216 256 293 466 91 384 105 93 450 
199 335 333 450 161 77 313 486 58 130 491 228 294 479 303 375 379 462 57 54 154 422 119 391 438 379 447 175 0 155 443 169 410 368 412 492 330 423 343 489 379 418 327 151 319 80 255 221 381 99 
442 293 381 140 127 420 296 445 203 315 186 211 152 176 145 396 362 154 477 240 323 485 452 427 162 70 73 99 155 0 500 292 388 122 123 137 435 58 322 70 385 54 360 457 138 484 278 204 251 108 
227 432 96 470 68 393 304 438 395 455 347 417 141 57 68 267 360 170 128 464 147 75 286 131 477 419 450 253 443 500 0 260 101 428 471 305 113 443 182 384 207 281 171 479 289 420 130 242 104 438 
358 169 187 160 345 205 259 355 349 153 310 195 69 157 409 294 374 268 415 209 232 61 234 224 349 417 143 54 169 292 260 0 142 128 237 415 237 180 376 417 104 208 281 448 354 394 63 239 183 171 
233 411 397 343 462 308 308 73 156 167 89 57 394 196 417 187 276 391 308 435 122 75 375 53 130 291 146 135 410 388 101 142 0 277 130 176 364 425 353 239 126 447 104 241 399 157 469 104 135 404 
54 449 191 222 463 205 245 119 323 284 333 216 186 249 109 413 140 368 347 419 149 222 422 230 219 274 71 129 368 122 428 128 277 0 210 443 483 288 230 127 486 200 297 492 261 485 131 273 217 392 
326 301 240 481 252 65 59 243 348 225 379 304 285 291 394 359 345 68 458 273 197 187 442 177 415 277 496 488 412 123 471 237 130 210 0 104 498 326 242 172 174 500 499 136 411 64 109 213 236 64 
424 333 432 434 75 280 158 404 290 149 402 183 458 246 408 172 469 104 65 410 232 431 187 434 174 98 56 144 492 137 305 415 176 443 104 0 81 455 451 64 282 253 463 233 292 80 180 64 166 329 
201 429 213 311 218 68 212 107 233 164 466 355 132 276 126 249 214 56 142 147 180 397 361 482 388 204 493 58 330 435 113 237 364 483 498 81 0 98 441 325 174 441 350 60 416 266 322 177 499 354 
257 417 139 440 80 311 50 370 293 127 118 458 340 417 311 227 313 378 208 407 81 200 171 117 134 234 304 204 423 58 443 180 425 288 326 455 98 0 155 73 288 461 377 248 107 146 397 173 436 473 
83 80 341 367 148 54 206 64 72 383 83 156 297 440 395 447 111 462 288 51 473 198 425 481 140 311 161 378 343 322 182 376 353 230 242 451 441 155 0 234 81 411 188 313 390 444 431 337 238 137 
222 463 244 255 326 492 195 220 194 463 388 188 464 360 337 144 96 183 405 207 61 455 480 400 330 332 129 279 489 70 384 417 239 127 172 64 325 73 234 0 115 310 94 91 289 205 459 292 455 342 
226 486 122 364 205 188 407 300 235 90 204 148 308 365 127 207 195 165 287 180 361 63 63 277 252 347 155 474 379 385 207 104 126 486 174 282 174 288 81 115 0 209 206 111 190 481 354 268 394 314 
84 442 213 342 307 291 255 208 162 248 338 229 261 107 213 220 160 318 193 489 410 106 299 486 92 180 267 216 418 54 281 208 447 200 500 253 441 461 411 310 209 0 480 189 245 249 132 347 226 195 
455 489 176 61 201 346 378 226 489 123 342 302 372 327 344 258 301 266 382 305 253 89 251 403 295 210 100 256 327 360 171 281 104 297 499 463 350 377 188 94 206 480 0 324 124 274 430 112 223 454 
346 77 62 189 493 313 405 374 325 364 170 282 267 415 443 317 377 476 383 254 464 437 51 218 399 351 301 293 151 457 479 448 241 492 136 233 60 248 313 91 111 189 324 0 378 123 220 246 71 112 
84 311 473 107 187 448 440 148 167 133 149 336 482 206 136 482 307 300 460 461 491 207 97 430 425 51 449 466 319 138 289 354 399 261 411 292 416 107 390 289 190 245 124 378 0 246 81 318 123 307 
157 418 359 171 424 75 131 414 439 385 99 363 386 498 85 412 342 324 472 240 292 138 239 414 195 335 202 91 80 484 420 394 157 485 64 80 266 146 444 205 481 249 274 123 246 0 431 161 182 211 
309 485 295 340 212 241 338 300 430 251 202 265 159 243 51 142 162 395 249 354 166 486 119 262 429 274 449 384 255 278 130 63 469 131 109 180 322 397 431 459 354 132 430 220 81 431 0 61 352 446 
68 401 81 268 254 197 460 323 165 389 304 114 272 265 98 108 485 67 396 94 197 218 197 334 176 51 172 105 221 204 242 239 104 273 213 64 177 173 337 292 268 347 112 246 318 161 61 0 282 342 
303 385 407 347 81 124 494 366 457 251 488 61 178 398 460 124 452 233 494 466 116 166 59 114 140 112 384 93 381 251 104 183 135 217 236 166 499 436 238 455 394 226 223 71 123 182 352 282 0 154 
121 346 454 187 218 463 459 309 282 342 352 162 92 162 51 177 329 444 500 327 135 238 489 479 170 211 257 450 99 108 438 171 404 392 64 329 354 473 137 342 314 195 454 112 307 211 446 342 154 0 

959.31 0 4
959.31 1 41
959.31 2 0
959.31 3 45
959.31 4 18
959.31 5 23
959.31 6 41
959.31 7 16
959.31 8 20
959.31 9 20
959.31 10 46
959.31 11 14
959.31 12 34
959.31 13 10
959.31 14 6
959.31 15 40
959.31 16 45
959.31 17 0
959.31 18 35
959.31 19 6
959.31 20 26
959.31 21 43
959.31 22 42
959.31 23 34
959.31 24 26
959.31 25 20
959.31 26 2
959.31 27 29
959.31 28 23
959.31 29 20
959.31 30 13
959.31 31 27
959.31 32 12
959.31 33 13
959.31 34 23
959.31 35 36
959.31 36 42
959.31 37 20
959.31 38 2
959.31 39 18
959.31 40 45
959.31 41 4
959.31 42 32
959.31 43 30
959.31 44 20
959.31 45 44
959.31 46 26
959.31 47 16
959.31 48 0
959.31 49 13
