20 20 3 38

0.2 0 1
0.2 0 7
0.2 0 12
0.2 0 14
0.2 0 15
0.2 1 4
0.2 1 5
0.2 1 8
0.2 1 16
0.2 2 3
0.2 2 15
0.2 2 17
0.2 3 5
0.2 3 12
0.2 3 14
0.2 3 18
0.2 4 5
0.2 4 11
0.2 5 6
0.2 5 12
0.2 6 8
0.2 6 9
0.2 6 16
0.2 7 9
0.2 7 18
0.2 7 19
0.2 8 14
0.2 8 17
0.2 9 11
0.2 9 14
0.2 9 17
0.2 9 19
0.2 10 13
0.2 10 19
0.2 12 13
0.2 13 14
0.2 13 16
0.2 18 19

0 466 110 200 382 492 500 199 156 399 241 417 444 326 231 428 488 182 259 312 
466 0 185 171 416 484 418 252 323 116 224 69 377 191 138 463 332 237 274 61 
110 185 0 349 95 395 380 306 208 175 194 116 462 300 364 419 85 343 247 229 
200 171 349 0 57 405 437 401 329 444 328 64 325 110 209 361 332 250 454 305 
382 416 95 57 0 108 177 83 383 123 160 382 76 227 323 495 195 232 342 369 
492 484 395 405 108 0 52 67 344 166 78 389 85 316 259 109 244 158 113 393 
500 418 380 437 177 52 0 148 479 183 330 429 198 96 152 368 362 324 263 154 
199 252 306 401 83 67 148 0 260 469 66 210 416 69 407 104 160 493 316 238 
156 323 208 329 383 344 479 260 0 277 487 478 260 439 427 493 103 151 357 140 
399 116 175 444 123 166 183 469 277 0 343 479 425 322 184 390 268 213 206 375 
241 224 194 328 160 78 330 66 487 343 0 189 157 136 189 150 86 143 430 412 
417 69 116 64 382 389 429 210 478 479 189 0 434 209 462 62 237 370 318 82 
444 377 462 325 76 85 198 416 260 425 157 434 0 203 332 329 163 248 431 428 
326 191 300 110 227 316 96 69 439 322 136 209 203 0 105 422 255 271 354 171 
231 138 364 209 323 259 152 407 427 184 189 462 332 105 0 148 275 468 450 63 
428 463 419 361 495 109 368 104 493 390 150 62 329 422 148 0 425 443 374 381 
488 332 85 332 195 244 362 160 103 268 86 237 163 255 275 425 0 102 404 331 
182 237 343 250 232 158 324 493 151 213 143 370 248 271 468 443 102 0 406 355 
259 274 247 454 342 113 263 316 357 206 430 318 431 354 450 374 404 406 0 445 
312 61 229 305 369 393 154 238 140 375 412 82 428 171 63 381 331 355 445 0 

376 0 14
376 1 16
376 2 12
376 3 9
376 4 10
376 5 0
376 6 1
376 7 8
376 8 6
376 9 0
376 10 18
376 11 2
376 12 2
376 13 14
376 14 15
376 15 6
376 16 17
376 17 3
376 18 15
376 19 8
