10 10 3 9

0.2 0 5
0.2 0 6
0.2 0 7
0.2 1 2
0.2 3 4
0.2 3 6
0.2 6 7
0.2 6 9
0.2 7 8

0 105 94 94 384 299 166 132 58 225 
105 0 113 328 400 142 431 354 84 248 
94 113 0 69 306 172 346 73 387 62 
94 328 69 0 98 277 318 181 321 238 
384 400 306 98 0 424 449 377 128 52 
299 142 172 277 424 0 387 77 206 311 
166 431 346 318 449 387 0 382 365 330 
132 354 73 181 377 77 382 0 407 174 
58 84 387 321 128 206 365 407 0 294 
225 248 62 238 52 311 330 174 294 0 

183.75 0 4
183.75 1 7
183.75 2 7
183.75 3 6
183.75 4 2
183.75 5 3
183.75 6 3
183.75 7 8
183.75 8 7
183.75 9 4
