10 10 3 11

0.3 0 7
0.3 1 4
0.3 2 5
0.3 2 9
0.3 3 6
0.3 3 9
0.3 4 7
0.3 5 7
0.3 5 9
0.3 6 7
0.3 8 9

0 150 251 120 323 213 472 110 187 343 
150 0 407 351 416 125 378 459 79 142 
251 407 0 90 259 467 451 103 189 459 
120 351 90 0 466 270 233 234 494 308 
323 416 259 466 0 337 97 279 487 107 
213 125 467 270 337 0 370 118 302 171 
472 378 451 233 97 370 0 389 113 384 
110 459 103 234 279 118 389 0 337 281 
187 79 189 494 487 302 113 337 0 148 
343 142 459 308 107 171 384 281 148 0 

471 0 1
471 1 2
471 2 3
471 3 4
471 4 7
471 5 3
471 6 1
471 7 4
471 8 1
471 9 7
