10 10 4 4

0.25 1 4
0.25 2 5
0.25 2 8
0.25 4 6

0 237 393 101 95 80 73 87 467 219 
237 0 266 438 496 373 412 299 253 262 
393 266 0 462 179 216 201 415 78 284 
101 438 462 0 356 219 159 68 410 104 
95 496 179 356 0 98 340 366 352 118 
80 373 216 219 98 0 452 119 50 315 
73 412 201 159 340 452 0 239 217 427 
87 299 415 68 366 119 239 0 289 491 
467 253 78 410 352 50 217 289 0 240 
219 262 284 104 118 315 427 491 240 0 

218 0 8
218 1 4
218 2 0
218 3 1
218 4 2
218 5 0
218 6 1
218 7 1
218 8 3
218 9 0
