10 10 3 11

0.25 0 1
0.25 0 7
0.25 0 9
0.25 1 6
0.25 1 8
0.25 2 3
0.25 2 8
0.25 4 5
0.25 5 7
0.25 5 9
0.25 7 9

0 51 169 395 249 169 491 459 319 482 
51 0 475 212 353 270 143 499 479 169 
169 475 0 264 152 217 474 237 87 124 
395 212 264 0 312 352 327 202 76 133 
249 353 152 312 0 293 365 371 147 432 
169 270 217 352 293 0 411 368 61 243 
491 143 474 327 365 411 0 333 421 353 
459 499 237 202 371 368 333 0 65 355 
319 479 87 76 147 61 421 65 0 94 
482 169 124 133 432 243 353 355 94 0 

294.69 0 3
294.69 1 2
294.69 2 0
294.69 3 7
294.69 4 1
294.69 5 8
294.69 6 2
294.69 7 1
294.69 8 0
294.69 9 3
