40 40 3 195

0.3 0 5
0.3 0 6
0.3 0 8
0.3 0 10
0.3 0 23
0.3 0 24
0.3 0 26
0.3 0 31
0.3 0 36
0.3 1 2
0.3 1 5
0.3 1 6
0.3 1 12
0.3 1 17
0.3 1 28
0.3 1 30
0.3 1 33
0.3 1 39
0.3 2 3
0.3 2 6
0.3 2 14
0.3 2 22
0.3 2 23
0.3 2 24
0.3 2 28
0.3 2 33
0.3 2 36
0.3 2 37
0.3 2 38
0.3 3 6
0.3 3 8
0.3 3 14
0.3 3 15
0.3 3 19
0.3 3 20
0.3 3 25
0.3 3 28
0.3 3 35
0.3 3 37
0.3 4 7
0.3 4 14
0.3 4 17
0.3 4 22
0.3 4 29
0.3 4 38
0.3 5 6
0.3 5 26
0.3 5 29
0.3 5 35
0.3 5 37
0.3 6 12
0.3 6 17
0.3 6 24
0.3 6 26
0.3 6 32
0.3 6 37
0.3 7 9
0.3 7 17
0.3 7 21
0.3 7 22
0.3 7 30
0.3 7 32
0.3 7 36
0.3 7 37
0.3 8 10
0.3 8 13
0.3 8 23
0.3 8 29
0.3 8 31
0.3 8 37
0.3 9 17
0.3 9 18
0.3 9 20
0.3 9 21
0.3 9 22
0.3 9 29
0.3 9 30
0.3 9 32
0.3 9 35
0.3 9 37
0.3 9 38
0.3 9 39
0.3 10 13
0.3 10 15
0.3 10 16
0.3 10 22
0.3 10 26
0.3 10 27
0.3 10 33
0.3 11 19
0.3 11 20
0.3 11 26
0.3 11 36
0.3 12 14
0.3 12 17
0.3 12 19
0.3 12 22
0.3 12 24
0.3 12 25
0.3 12 27
0.3 12 30
0.3 12 31
0.3 12 36
0.3 12 37
0.3 13 21
0.3 13 23
0.3 13 24
0.3 13 33
0.3 13 34
0.3 13 37
0.3 14 22
0.3 14 24
0.3 15 16
0.3 15 17
0.3 15 19
0.3 15 28
0.3 15 32
0.3 16 18
0.3 16 19
0.3 16 20
0.3 16 24
0.3 16 26
0.3 16 33
0.3 16 38
0.3 17 18
0.3 17 25
0.3 17 27
0.3 17 31
0.3 17 32
0.3 17 35
0.3 17 36
0.3 18 19
0.3 18 20
0.3 18 28
0.3 18 30
0.3 18 32
0.3 18 34
0.3 18 38
0.3 19 25
0.3 19 29
0.3 19 37
0.3 20 22
0.3 20 32
0.3 21 23
0.3 21 24
0.3 21 25
0.3 21 26
0.3 21 30
0.3 21 32
0.3 21 35
0.3 21 39
0.3 22 26
0.3 22 31
0.3 22 38
0.3 23 26
0.3 23 28
0.3 23 31
0.3 23 34
0.3 24 26
0.3 24 31
0.3 24 32
0.3 24 37
0.3 24 38
0.3 25 26
0.3 25 28
0.3 25 29
0.3 25 30
0.3 25 35
0.3 25 36
0.3 25 38
0.3 25 39
0.3 26 27
0.3 26 31
0.3 26 33
0.3 26 34
0.3 26 39
0.3 27 35
0.3 27 37
0.3 27 39
0.3 28 30
0.3 28 33
0.3 29 30
0.3 29 31
0.3 29 34
0.3 29 35
0.3 29 38
0.3 30 31
0.3 30 37
0.3 30 39
0.3 31 33
0.3 31 35
0.3 31 39
0.3 33 34
0.3 33 37
0.3 33 39

0 361 238 76 119 128 233 474 472 208 439 295 288 418 164 500 368 357 412 144 464 53 275 99 254 385 234 270 281 317 352 127 481 109 480 179 401 452 198 343 
361 0 407 364 206 463 213 443 349 183 435 467 312 83 313 171 435 265 403 136 335 302 63 158 186 444 472 357 109 53 195 111 346 108 411 312 281 147 94 385 
238 407 0 211 400 221 148 134 177 276 382 370 186 78 276 191 185 325 338 62 455 463 396 240 287 77 187 167 302 79 90 340 369 232 292 237 336 80 235 111 
76 364 211 0 435 158 84 390 88 108 293 273 64 351 88 109 181 172 342 457 484 348 334 296 62 92 459 286 203 304 111 374 355 284 197 132 55 162 388 133 
119 206 400 435 0 418 346 141 294 325 225 194 370 81 210 295 417 59 450 267 500 471 238 63 182 121 391 209 329 319 432 173 469 404 128 229 241 95 412 304 
128 463 221 158 418 0 293 288 291 354 227 425 461 434 278 431 223 463 239 463 72 87 141 408 140 378 200 351 159 332 101 478 346 462 193 304 209 414 125 238 
233 213 148 84 346 293 0 272 114 70 292 156 124 433 83 137 97 467 97 310 354 302 367 97 287 145 343 257 321 214 381 425 279 462 246 109 493 106 293 433 
474 443 134 390 141 288 272 0 364 252 198 232 146 163 228 146 194 362 431 474 349 478 131 121 58 325 90 346 114 148 263 53 228 402 418 155 277 130 97 129 
472 349 177 88 294 291 114 364 0 463 376 425 419 228 170 463 256 425 260 367 203 454 353 271 396 270 434 309 74 197 265 447 292 343 361 253 210 422 335 88 
208 183 276 108 325 354 70 252 463 0 132 397 86 400 304 277 275 243 314 90 439 206 373 322 151 139 142 354 171 485 235 189 175 133 478 167 449 240 307 317 
439 435 382 293 225 227 292 198 376 132 0 296 291 483 304 78 315 147 459 457 474 222 134 341 248 338 162 252 77 419 166 238 416 462 426 281 177 161 83 266 
295 467 370 273 194 425 156 232 425 397 296 0 354 207 130 332 59 256 117 138 456 174 155 166 191 158 67 359 371 221 456 112 110 74 450 330 238 390 213 225 
288 312 186 64 370 461 124 146 419 86 291 354 0 93 378 211 78 405 164 463 83 247 92 362 164 436 444 395 187 362 153 144 476 58 352 51 329 198 177 230 
418 83 78 351 81 434 433 163 228 400 483 207 93 0 400 184 151 281 143 369 109 177 189 286 156 331 193 186 382 203 93 97 219 383 420 457 58 429 350 158 
164 313 276 88 210 278 83 228 170 304 304 130 378 400 0 315 144 277 425 248 225 364 125 465 445 166 287 207 329 298 317 155 422 375 371 400 428 53 326 430 
500 171 191 109 295 431 137 146 463 277 78 332 211 184 315 0 428 272 379 56 246 246 336 229 442 331 82 56 496 499 62 168 350 495 178 77 324 308 144 172 
368 435 185 181 417 223 97 194 256 275 315 59 78 151 144 428 0 215 174 417 327 406 441 367 133 433 237 203 483 84 98 110 486 214 469 380 262 487 178 115 
357 265 325 172 59 463 467 362 425 243 147 256 405 281 277 272 215 0 96 404 187 218 102 317 473 364 151 150 221 334 72 203 125 120 364 175 459 379 187 92 
412 403 338 342 450 239 97 431 260 314 459 117 164 143 425 379 174 96 0 245 55 95 290 308 283 229 468 406 409 250 303 190 246 99 76 484 318 164 187 337 
144 136 62 457 267 463 310 474 367 90 457 138 463 369 248 56 417 404 245 0 56 108 146 208 456 303 275 197 489 273 382 363 105 494 424 496 407 110 414 234 
464 335 455 484 500 72 354 349 203 439 474 456 83 109 225 246 327 187 55 56 0 156 275 178 335 226 267 390 131 54 272 291 122 191 275 254 159 407 392 105 
53 302 463 348 471 87 302 478 454 206 222 174 247 177 364 246 406 218 95 108 156 0 170 350 68 173 299 143 58 158 75 168 365 249 457 80 352 261 499 351 
275 63 396 334 238 141 367 131 353 373 134 155 92 189 125 336 441 102 290 146 275 170 0 347 420 245 414 298 150 468 142 389 200 205 410 288 376 328 235 318 
99 158 240 296 63 408 97 121 271 322 341 166 362 286 465 229 367 317 308 208 178 350 347 0 63 65 338 357 278 135 137 384 212 224 373 195 357 155 251 138 
254 186 287 62 182 140 287 58 396 151 248 191 164 156 445 442 133 473 283 456 335 68 420 63 0 146 234 368 154 374 493 462 326 486 341 445 367 92 162 268 
385 444 77 92 121 378 145 325 270 139 338 158 436 331 166 331 433 364 229 303 226 173 245 65 146 0 216 272 450 117 435 137 287 392 292 83 78 79 215 446 
234 472 187 459 391 200 343 90 434 142 162 67 444 193 287 82 237 151 468 275 267 299 414 338 234 216 0 362 282 119 217 318 236 385 234 262 147 255 413 357 
270 357 167 286 209 351 257 346 309 354 252 359 395 186 207 56 203 150 406 197 390 143 298 357 368 272 362 0 462 478 110 178 455 176 415 247 268 155 63 280 
281 109 302 203 329 159 321 114 74 171 77 371 187 382 329 496 483 221 409 489 131 58 150 278 154 450 282 462 0 67 53 197 435 362 89 65 493 322 307 448 
317 53 79 304 319 332 214 148 197 485 419 221 362 203 298 499 84 334 250 273 54 158 468 135 374 117 119 478 67 0 194 77 264 124 117 447 125 359 377 407 
352 195 90 111 432 101 381 263 265 235 166 456 153 93 317 62 98 72 303 382 272 75 142 137 493 435 217 110 53 194 0 323 484 298 96 84 251 164 327 84 
127 111 340 374 173 478 425 53 447 189 238 112 144 97 155 168 110 203 190 363 291 168 389 384 462 137 318 178 197 77 323 0 171 177 276 195 393 274 211 498 
481 346 369 355 469 346 279 228 292 175 416 110 476 219 422 350 486 125 246 105 122 365 200 212 326 287 236 455 435 264 484 171 0 182 234 465 112 212 178 291 
109 108 232 284 404 462 462 402 343 133 462 74 58 383 375 495 214 120 99 494 191 249 205 224 486 392 385 176 362 124 298 177 182 0 338 478 293 194 269 145 
480 411 292 197 128 193 246 418 361 478 426 450 352 420 371 178 469 364 76 424 275 457 410 373 341 292 234 415 89 117 96 276 234 338 0 277 154 142 306 130 
179 312 237 132 229 304 109 155 253 167 281 330 51 457 400 77 380 175 484 496 254 80 288 195 445 83 262 247 65 447 84 195 465 478 277 0 303 465 296 94 
401 281 336 55 241 209 493 277 210 449 177 238 329 58 428 324 262 459 318 407 159 352 376 357 367 78 147 268 493 125 251 393 112 293 154 303 0 314 100 89 
452 147 80 162 95 414 106 130 422 240 161 390 198 429 53 308 487 379 164 110 407 261 328 155 92 79 255 155 322 359 164 274 212 194 142 465 314 0 305 269 
198 94 235 388 412 125 293 97 335 307 83 213 177 350 326 144 178 187 187 414 392 499 235 251 162 215 413 63 307 377 327 211 178 269 306 296 100 305 0 380 
343 385 111 133 304 238 433 129 88 317 266 225 230 158 430 172 115 92 337 234 105 351 318 138 268 446 357 280 448 407 84 498 291 145 130 94 89 269 380 0 

1245.5 0 27
1245.5 1 33
1245.5 2 23
1245.5 3 8
1245.5 4 13
1245.5 5 32
1245.5 6 7
1245.5 7 6
1245.5 8 24
1245.5 9 25
1245.5 10 16
1245.5 11 3
1245.5 12 17
1245.5 13 28
1245.5 14 35
1245.5 15 17
1245.5 16 11
1245.5 17 13
1245.5 18 7
1245.5 19 13
1245.5 20 32
1245.5 21 26
1245.5 22 2
1245.5 23 11
1245.5 24 16
1245.5 25 0
1245.5 26 20
1245.5 27 28
1245.5 28 12
1245.5 29 15
1245.5 30 36
1245.5 31 0
1245.5 32 9
1245.5 33 9
1245.5 34 37
1245.5 35 23
1245.5 36 2
1245.5 37 5
1245.5 38 18
1245.5 39 26
