50 50 3 122

0.2 0 6
0.2 0 30
0.2 0 40
0.2 0 45
0.2 0 46
0.2 1 10
0.2 1 17
0.2 1 28
0.2 1 37
0.2 1 49
0.2 2 12
0.2 2 24
0.2 2 28
0.2 2 37
0.2 3 19
0.2 3 22
0.2 3 26
0.2 3 40
0.2 3 49
0.2 4 17
0.2 4 33
0.2 4 38
0.2 5 25
0.2 5 33
0.2 5 37
0.2 6 10
0.2 6 25
0.2 6 26
0.2 6 27
0.2 6 45
0.2 6 48
0.2 7 22
0.2 7 35
0.2 7 36
0.2 7 47
0.2 8 26
0.2 8 29
0.2 8 37
0.2 8 39
0.2 8 42
0.2 9 18
0.2 9 20
0.2 9 21
0.2 9 22
0.2 9 47
0.2 9 48
0.2 9 49
0.2 10 49
0.2 11 22
0.2 11 41
0.2 11 44
0.2 11 46
0.2 12 21
0.2 12 27
0.2 12 32
0.2 13 15
0.2 13 19
0.2 13 23
0.2 13 33
0.2 13 41
0.2 13 44
0.2 13 48
0.2 14 19
0.2 14 24
0.2 14 28
0.2 14 34
0.2 15 22
0.2 15 30
0.2 15 34
0.2 15 41
0.2 15 44
0.2 15 45
0.2 15 48
0.2 16 17
0.2 16 28
0.2 16 36
0.2 16 45
0.2 17 39
0.2 18 21
0.2 19 20
0.2 19 27
0.2 19 28
0.2 20 49
0.2 21 32
0.2 21 34
0.2 22 31
0.2 22 39
0.2 22 49
0.2 23 47
0.2 24 32
0.2 24 38
0.2 25 28
0.2 25 43
0.2 26 27
0.2 26 28
0.2 26 46
0.2 26 48
0.2 27 33
0.2 27 47
0.2 28 49
0.2 29 44
0.2 29 45
0.2 30 36
0.2 30 37
0.2 30 42
0.2 31 49
0.2 32 36
0.2 33 45
0.2 33 46
0.2 33 47
0.2 34 49
0.2 35 40
0.2 35 42
0.2 36 47
0.2 38 45
0.2 39 49
0.2 40 45
0.2 42 43
0.2 42 46
0.2 43 44
0.2 43 48
0.2 47 49

0 268 125 233 102 362 396 334 141 297 67 440 84 420 299 323 470 296 488 358 383 465 208 140 193 286 287 93 458 105 370 485 223 460 485 113 247 234 410 231 305 427 152 102 428 290 176 128 417 354 
268 0 359 86 186 154 452 102 77 351 368 236 213 496 389 245 169 149 302 296 149 54 146 132 117 418 412 284 302 495 389 309 382 425 184 235 265 483 303 331 382 420 393 150 108 110 234 357 267 69 
125 359 0 247 246 216 490 154 485 288 147 341 455 276 79 378 82 360 446 188 288 324 236 80 226 395 334 432 419 209 144 193 59 127 452 94 152 326 345 164 482 126 318 214 339 463 118 376 428 361 
233 86 247 0 493 341 359 467 359 493 263 177 322 308 232 166 358 168 458 214 266 307 211 357 244 441 190 61 274 62 121 335 264 390 437 50 238 409 417 104 410 317 75 496 104 295 59 477 82 310 
102 186 246 493 0 215 85 295 359 99 433 83 206 388 305 165 198 471 378 410 407 292 84 99 342 277 305 91 346 53 97 136 224 381 371 391 206 126 180 171 108 323 389 84 312 410 395 71 95 231 
362 154 216 341 215 0 423 137 343 149 389 368 53 249 183 374 264 440 484 423 333 348 353 423 419 273 242 425 202 127 364 448 457 453 286 228 256 449 325 199 265 301 205 387 126 234 99 100 283 228 
396 452 490 359 85 423 0 482 299 353 393 368 177 456 267 149 369 474 195 154 53 365 124 270 398 223 183 424 412 494 124 405 169 481 438 388 297 478 130 226 148 289 486 416 136 139 418 140 169 268 
334 102 154 467 295 137 482 0 151 266 266 149 58 385 225 179 88 150 421 375 196 475 151 396 239 420 222 132 113 105 382 417 140 128 450 492 364 259 57 290 54 434 118 56 241 151 365 415 436 144 
141 77 485 359 359 343 299 151 0 196 441 227 476 188 137 468 237 408 366 398 379 85 124 205 265 340 136 321 451 487 113 85 492 295 428 442 469 479 457 483 315 425 312 77 463 368 247 269 229 178 
297 351 288 493 99 149 353 266 196 0 497 417 323 398 88 104 93 77 177 283 390 92 362 184 481 156 330 228 92 161 179 468 343 128 180 397 388 301 327 89 100 430 97 83 418 266 429 120 120 96 
67 368 147 263 433 389 393 266 441 497 0 398 283 225 381 134 175 441 101 330 51 190 115 492 270 370 205 324 487 168 124 302 148 191 394 353 173 170 373 491 489 303 322 480 406 230 474 353 118 320 
440 236 341 177 83 368 368 149 227 417 398 0 344 71 348 352 483 466 94 343 93 418 336 391 121 388 359 210 82 193 224 159 357 243 56 452 118 481 133 399 149 430 179 103 231 265 97 160 313 435 
84 213 455 322 206 53 177 58 476 323 283 344 0 431 216 242 180 476 81 80 247 398 185 345 79 74 259 401 364 204 53 399 241 238 59 263 182 214 85 471 391 369 480 440 386 349 467 147 143 267 
420 496 276 308 388 249 456 385 188 398 225 71 431 0 145 482 473 423 83 73 297 429 129 282 399 267 331 166 215 155 267 305 404 129 362 141 80 378 416 77 404 424 431 235 269 241 395 65 143 218 
299 389 79 232 305 183 267 225 137 88 381 348 216 145 0 283 405 249 340 351 439 183 127 243 97 127 405 490 112 225 134 376 439 173 60 102 117 182 413 483 468 290 444 496 352 403 211 72 208 365 
323 245 378 166 165 374 149 179 468 104 134 352 242 482 283 0 483 445 387 477 167 60 239 419 425 496 365 105 73 67 158 483 431 468 159 394 205 247 334 240 266 388 435 176 108 213 299 411 245 205 
470 169 82 358 198 264 369 88 237 93 175 483 180 473 405 483 0 91 149 482 206 468 444 383 103 454 200 231 322 76 442 170 280 297 82 295 295 159 364 100 405 254 223 254 55 332 220 111 476 249 
296 149 360 168 471 440 474 150 408 77 441 466 476 423 249 445 91 0 215 228 361 186 101 74 231 103 293 249 228 287 358 73 218 394 395 201 207 421 251 453 174 473 214 287 350 383 114 375 185 119 
488 302 446 458 378 484 195 421 366 177 101 94 81 83 340 387 149 215 0 216 272 206 274 487 172 323 389 143 270 297 391 341 271 465 181 499 50 51 209 484 190 157 266 326 64 211 399 255 80 188 
358 296 188 214 410 423 154 375 398 283 330 343 80 73 351 477 482 228 216 0 288 346 242 448 444 484 174 135 133 348 435 60 290 385 204 317 202 93 431 334 369 112 190 222 344 274 459 165 136 307 
383 149 288 266 407 333 53 196 379 390 51 93 247 297 439 167 206 361 272 288 0 282 448 360 283 208 126 113 409 221 155 214 382 316 149 265 327 123 87 134 299 498 168 180 241 202 469 122 456 200 
465 54 324 307 292 348 365 475 85 92 190 418 398 429 183 60 468 186 206 346 282 0 191 379 404 371 140 293 469 66 238 446 423 416 155 384 282 299 134 209 233 367 474 124 184 264 408 149 456 69 
208 146 236 211 84 353 124 151 124 362 115 336 185 129 127 239 444 101 274 242 448 191 0 283 394 164 127 134 226 431 362 456 452 254 71 346 289 241 63 162 415 226 76 215 177 442 186 137 367 299 
140 132 80 357 99 423 270 396 205 184 492 391 345 282 243 419 383 74 487 448 360 379 283 0 201 262 386 209 250 336 378 282 163 474 357 200 305 131 316 376 361 159 199 61 373 60 219 391 459 107 
193 117 226 244 342 419 398 239 265 481 270 121 79 399 97 425 103 231 172 444 283 404 394 201 0 101 414 173 288 241 376 79 452 368 385 170 434 376 264 50 313 108 499 469 398 159 274 240 414 470 
286 418 395 441 277 273 223 420 340 156 370 388 74 267 127 496 454 103 323 484 208 371 164 262 101 0 317 210 226 364 197 87 245 51 323 75 203 361 87 451 331 455 236 364 376 350 439 244 451 104 
287 412 334 190 305 242 183 222 136 330 205 359 259 331 405 365 200 293 389 174 126 140 127 386 414 317 0 55 335 85 119 429 298 73 436 137 90 337 284 218 477 86 237 171 60 332 392 182 122 352 
93 284 432 61 91 425 424 132 321 228 324 210 401 166 490 105 231 249 143 135 113 293 134 209 173 210 55 0 203 480 446 148 100 94 80 271 198 218 426 258 63 271 69 223 431 422 320 134 470 62 
458 302 419 274 346 202 412 113 451 92 487 82 364 215 112 73 322 228 270 133 409 469 226 250 288 226 335 203 0 89 439 483 227 129 230 446 302 133 226 174 152 125 85 80 365 164 457 317 307 273 
105 495 209 62 53 127 494 105 487 161 168 193 204 155 225 67 76 287 297 348 221 66 431 336 241 364 85 480 89 0 305 123 371 196 230 208 127 72 329 92 74 261 200 292 385 333 206 319 465 341 
370 389 144 121 97 364 124 382 113 179 124 224 53 267 134 158 442 358 391 435 155 238 362 378 376 197 119 446 439 305 0 159 416 408 151 79 414 180 292 95 260 248 469 250 274 119 314 396 191 80 
485 309 193 335 136 448 405 417 85 468 302 159 399 305 376 483 170 73 341 60 214 446 456 282 79 87 429 148 483 123 159 0 156 295 421 58 499 73 135 356 163 258 394 132 292 404 339 152 223 127 
223 382 59 264 224 457 169 140 492 343 148 357 241 404 439 431 280 218 271 290 382 423 452 163 452 245 298 100 227 371 416 156 0 120 365 149 343 262 338 374 406 387 92 392 443 393 146 383 438 360 
460 425 127 390 381 453 481 128 295 128 191 243 238 129 173 468 297 394 465 385 316 416 254 474 368 51 73 94 129 196 408 295 120 0 309 331 272 456 136 417 241 81 287 170 320 288 138 271 325 392 
485 184 452 437 371 286 438 450 428 180 394 56 59 362 60 159 82 395 181 204 149 155 71 357 385 323 436 80 230 230 151 421 365 309 0 265 236 433 51 166 72 75 175 334 102 198 348 128 255 143 
113 235 94 50 391 228 388 492 442 397 353 452 263 141 102 394 295 201 499 317 265 384 346 200 170 75 137 271 446 208 79 58 149 331 265 0 255 94 468 251 220 209 187 182 462 59 247 160 484 297 
247 265 152 238 206 256 297 364 469 388 173 118 182 80 117 205 295 207 50 202 327 282 289 305 434 203 90 198 302 127 414 499 343 272 236 255 0 160 168 115 457 332 198 56 152 472 394 321 107 119 
234 483 326 409 126 449 478 259 479 301 170 481 214 378 182 247 159 421 51 93 123 299 241 131 376 361 337 218 133 72 180 73 262 456 433 94 160 0 338 342 170 314 160 249 189 494 473 426 131 117 
410 303 345 417 180 325 130 57 457 327 373 133 85 416 413 334 364 251 209 431 87 134 63 316 264 87 284 426 226 329 292 135 338 136 51 468 168 338 0 491 225 350 255 188 202 160 112 74 175 147 
231 331 164 104 171 199 226 290 483 89 491 399 471 77 483 240 100 453 484 334 134 209 162 376 50 451 218 258 174 92 95 356 374 417 166 251 115 342 491 0 478 463 217 83 321 96 141 297 286 454 
305 382 482 410 108 265 148 54 315 100 489 149 391 404 468 266 405 174 190 369 299 233 415 361 313 331 477 63 152 74 260 163 406 241 72 220 457 170 225 478 0 243 414 282 313 467 157 252 201 164 
427 420 126 317 323 301 289 434 425 430 303 430 369 424 290 388 254 473 157 112 498 367 226 159 108 455 86 271 125 261 248 258 387 81 75 209 332 314 350 463 243 0 76 167 314 340 85 134 243 418 
152 393 318 75 389 205 486 118 312 97 322 179 480 431 444 435 223 214 266 190 168 474 76 199 499 236 237 69 85 200 469 394 92 287 175 187 198 160 255 217 414 76 0 344 51 67 188 163 305 389 
102 150 214 496 84 387 416 56 77 83 480 103 440 235 496 176 254 287 326 222 180 124 215 61 469 364 171 223 80 292 250 132 392 170 334 182 56 249 188 83 282 167 344 0 198 315 123 105 294 381 
428 108 339 104 312 126 136 241 463 418 406 231 386 269 352 108 55 350 64 344 241 184 177 373 398 376 60 431 365 385 274 292 443 320 102 462 152 189 202 321 313 314 51 198 0 287 187 356 93 342 
290 110 463 295 410 234 139 151 368 266 230 265 349 241 403 213 332 383 211 274 202 264 442 60 159 350 332 422 164 333 119 404 393 288 198 59 472 494 160 96 467 340 67 315 287 0 105 393 463 460 
176 234 118 59 395 99 418 365 247 429 474 97 467 395 211 299 220 114 399 459 469 408 186 219 274 439 392 320 457 206 314 339 146 138 348 247 394 473 112 141 157 85 188 123 187 105 0 222 490 85 
128 357 376 477 71 100 140 415 269 120 353 160 147 65 72 411 111 375 255 165 122 149 137 391 240 244 182 134 317 319 396 152 383 271 128 160 321 426 74 297 252 134 163 105 356 393 222 0 68 90 
417 267 428 82 95 283 169 436 229 120 118 313 143 143 208 245 476 185 80 136 456 456 367 459 414 451 122 470 307 465 191 223 438 325 255 484 107 131 175 286 201 243 305 294 93 463 490 68 0 78 
354 69 361 310 231 228 268 144 178 96 320 435 267 218 365 205 249 119 188 307 200 69 299 107 470 104 352 62 273 341 80 127 360 392 143 297 119 117 147 454 164 418 389 381 342 460 85 90 78 0 

746.75 0 38
746.75 1 24
746.75 2 15
746.75 3 20
746.75 4 22
746.75 5 1
746.75 6 45
746.75 7 2
746.75 8 28
746.75 9 35
746.75 10 25
746.75 11 22
746.75 12 31
746.75 13 32
746.75 14 41
746.75 15 17
746.75 16 34
746.75 17 35
746.75 18 20
746.75 19 4
746.75 20 21
746.75 21 48
746.75 22 36
746.75 23 37
746.75 24 19
746.75 25 32
746.75 26 22
746.75 27 32
746.75 28 9
746.75 29 3
746.75 30 26
746.75 31 3
746.75 32 28
746.75 33 46
746.75 34 28
746.75 35 1
746.75 36 4
746.75 37 29
746.75 38 8
746.75 39 32
746.75 40 20
746.75 41 33
746.75 42 6
746.75 43 8
746.75 44 22
746.75 45 3
746.75 46 25
746.75 47 7
746.75 48 44
746.75 49 46
