30 30 4 87

0.4 0 6
0.4 0 20
0.4 0 29
0.4 1 19
0.4 1 25
0.4 1 27
0.4 1 29
0.4 2 3
0.4 2 10
0.4 2 12
0.4 2 13
0.4 2 15
0.4 2 24
0.4 2 28
0.4 3 4
0.4 3 9
0.4 3 22
0.4 3 26
0.4 4 12
0.4 4 15
0.4 4 19
0.4 4 20
0.4 4 21
0.4 4 22
0.4 4 23
0.4 4 26
0.4 4 28
0.4 5 8
0.4 5 9
0.4 5 12
0.4 5 16
0.4 5 22
0.4 5 25
0.4 5 28
0.4 6 8
0.4 6 9
0.4 6 12
0.4 6 19
0.4 6 25
0.4 7 14
0.4 7 18
0.4 7 22
0.4 8 19
0.4 8 21
0.4 8 29
0.4 9 12
0.4 9 21
0.4 9 24
0.4 9 25
0.4 9 29
0.4 10 12
0.4 10 14
0.4 10 17
0.4 10 21
0.4 10 23
0.4 10 26
0.4 10 27
0.4 11 13
0.4 11 24
0.4 11 27
0.4 12 16
0.4 13 15
0.4 13 16
0.4 13 18
0.4 13 21
0.4 13 28
0.4 14 19
0.4 14 20
0.4 15 16
0.4 15 17
0.4 15 24
0.4 15 28
0.4 16 25
0.4 17 19
0.4 17 26
0.4 17 28
0.4 18 24
0.4 19 24
0.4 20 28
0.4 21 22
0.4 21 25
0.4 22 24
0.4 23 25
0.4 23 27
0.4 23 28
0.4 25 28
0.4 26 27

0 419 295 121 278 306 300 114 50 227 484 108 209 131 255 230 174 217 331 62 319 312 352 112 339 100 405 486 267 258 
419 0 358 356 326 144 282 384 187 438 437 391 381 124 254 365 169 275 156 375 189 118 96 427 157 138 369 238 368 114 
295 358 0 377 64 267 117 425 79 75 95 428 369 98 266 423 354 56 450 178 309 496 108 226 228 416 379 345 93 312 
121 356 377 0 276 276 302 344 175 242 307 324 235 292 214 90 379 257 312 383 270 481 90 484 376 411 109 58 416 475 
278 326 64 276 0 442 409 140 188 213 238 147 329 250 408 446 386 427 355 294 421 317 372 461 75 318 327 400 109 188 
306 144 267 276 442 0 162 170 144 331 211 114 82 313 198 497 274 53 239 95 254 425 340 424 253 476 113 249 282 356 
300 282 117 302 409 162 0 58 453 92 176 353 65 92 129 139 493 102 372 446 131 62 73 434 229 424 159 378 260 390 
114 384 425 344 140 170 58 0 494 430 58 273 127 56 495 237 290 371 97 415 79 466 448 116 341 156 416 485 118 248 
50 187 79 175 188 144 453 494 0 314 301 460 218 372 273 453 354 212 459 442 366 372 274 95 316 132 235 309 181 137 
227 438 75 242 213 331 92 430 314 0 100 203 329 190 314 158 243 211 245 184 424 398 421 492 155 358 276 204 460 149 
484 437 95 307 238 211 176 58 301 100 0 432 110 434 79 487 269 357 75 392 402 316 466 163 66 238 233 97 446 316 
108 391 428 324 147 114 353 273 460 203 432 0 154 195 61 460 374 171 446 219 441 190 343 360 55 365 211 174 165 475 
209 381 369 235 329 82 65 127 218 329 110 154 0 287 330 480 272 397 362 249 193 294 416 81 323 110 406 326 475 315 
131 124 98 292 250 313 92 56 372 190 434 195 287 0 156 176 281 239 159 430 483 124 447 241 441 417 95 489 356 468 
255 254 266 214 408 198 129 495 273 314 79 61 330 156 0 149 410 271 162 325 325 411 159 200 439 205 500 157 419 346 
230 365 423 90 446 497 139 237 453 158 487 460 480 176 149 0 134 71 136 198 75 214 97 311 389 132 263 265 148 289 
174 169 354 379 386 274 493 290 354 243 269 374 272 281 410 134 0 358 165 241 276 84 215 395 486 279 490 199 389 79 
217 275 56 257 427 53 102 371 212 211 357 171 397 239 271 71 358 0 369 386 370 492 331 180 430 429 364 62 407 264 
331 156 450 312 355 239 372 97 459 245 75 446 362 159 162 136 165 369 0 144 228 451 419 438 258 137 80 66 462 144 
62 375 178 383 294 95 446 415 442 184 392 219 249 430 325 198 241 386 144 0 398 400 319 361 102 101 407 406 153 418 
319 189 309 270 421 254 131 79 366 424 402 441 193 483 325 75 276 370 228 398 0 416 146 473 217 125 276 483 313 377 
312 118 496 481 317 425 62 466 372 398 316 190 294 124 411 214 84 492 451 400 416 0 109 354 205 75 162 56 475 105 
352 96 108 90 372 340 73 448 274 421 466 343 416 447 159 97 215 331 419 319 146 109 0 63 459 196 392 476 377 278 
112 427 226 484 461 424 434 116 95 492 163 360 81 241 200 311 395 180 438 361 473 354 63 0 479 317 411 62 425 396 
339 157 228 376 75 253 229 341 316 155 66 55 323 441 439 389 486 430 258 102 217 205 459 479 0 211 457 169 457 286 
100 138 416 411 318 476 424 156 132 358 238 365 110 417 205 132 279 429 137 101 125 75 196 317 211 0 199 458 383 154 
405 369 379 109 327 113 159 416 235 276 233 211 406 95 500 263 490 364 80 407 276 162 392 411 457 199 0 381 156 76 
486 238 345 58 400 249 378 485 309 204 97 174 326 489 157 265 199 62 66 406 483 56 476 62 169 458 381 0 225 449 
267 368 93 416 109 282 260 118 181 460 446 165 475 356 419 148 389 407 462 153 313 475 377 425 457 383 156 225 0 243 
258 114 312 475 188 356 390 248 137 149 316 475 315 468 346 289 79 264 144 418 377 105 278 396 286 154 76 449 243 0 

966 0 1
966 1 20
966 2 1
966 3 23
966 4 8
966 5 20
966 6 11
966 7 16
966 8 15
966 9 19
966 10 26
966 11 8
966 12 9
966 13 27
966 14 21
966 15 25
966 16 11
966 17 25
966 18 14
966 19 11
966 20 22
966 21 25
966 22 1
966 23 13
966 24 6
966 25 14
966 26 7
966 27 25
966 28 10
966 29 10
