50 50 4 245

0.3 0 1
0.3 0 3
0.3 0 4
0.3 0 10
0.3 0 11
0.3 0 12
0.3 0 13
0.3 0 15
0.3 0 20
0.3 0 21
0.3 0 22
0.3 0 28
0.3 0 29
0.3 0 42
0.3 0 45
0.3 0 46
0.3 0 47
0.3 1 19
0.3 1 23
0.3 1 36
0.3 1 41
0.3 1 42
0.3 1 47
0.3 2 3
0.3 2 6
0.3 2 8
0.3 2 17
0.3 2 31
0.3 2 32
0.3 2 35
0.3 2 36
0.3 2 40
0.3 2 42
0.3 3 17
0.3 3 22
0.3 3 24
0.3 3 25
0.3 3 27
0.3 3 33
0.3 4 10
0.3 4 13
0.3 4 31
0.3 4 37
0.3 4 46
0.3 4 47
0.3 5 9
0.3 5 11
0.3 5 20
0.3 5 27
0.3 5 28
0.3 5 39
0.3 6 11
0.3 6 16
0.3 6 19
0.3 6 24
0.3 6 25
0.3 6 26
0.3 6 32
0.3 6 36
0.3 6 38
0.3 6 42
0.3 6 45
0.3 6 46
0.3 7 10
0.3 7 11
0.3 7 13
0.3 7 23
0.3 7 25
0.3 7 33
0.3 7 37
0.3 7 42
0.3 7 46
0.3 7 47
0.3 8 33
0.3 8 37
0.3 8 39
0.3 8 40
0.3 8 49
0.3 9 12
0.3 9 18
0.3 9 19
0.3 9 26
0.3 9 28
0.3 9 35
0.3 9 37
0.3 9 38
0.3 9 39
0.3 9 41
0.3 9 46
0.3 9 49
0.3 10 25
0.3 10 26
0.3 10 30
0.3 10 39
0.3 11 13
0.3 12 16
0.3 12 19
0.3 12 21
0.3 12 22
0.3 12 24
0.3 12 36
0.3 12 38
0.3 12 43
0.3 12 46
0.3 12 48
0.3 12 49
0.3 13 24
0.3 13 28
0.3 13 31
0.3 13 48
0.3 14 15
0.3 14 19
0.3 14 26
0.3 14 31
0.3 14 33
0.3 14 36
0.3 14 38
0.3 14 39
0.3 14 43
0.3 15 18
0.3 15 19
0.3 15 30
0.3 15 31
0.3 15 36
0.3 15 39
0.3 15 47
0.3 15 48
0.3 16 23
0.3 16 25
0.3 16 27
0.3 16 30
0.3 16 32
0.3 16 35
0.3 16 37
0.3 16 39
0.3 16 41
0.3 16 45
0.3 16 48
0.3 17 18
0.3 17 20
0.3 17 41
0.3 18 24
0.3 18 33
0.3 18 39
0.3 18 44
0.3 19 23
0.3 19 30
0.3 19 34
0.3 19 35
0.3 19 37
0.3 19 42
0.3 19 44
0.3 19 46
0.3 20 28
0.3 20 34
0.3 20 39
0.3 20 43
0.3 20 48
0.3 21 22
0.3 21 27
0.3 21 28
0.3 21 29
0.3 21 33
0.3 21 35
0.3 21 40
0.3 22 24
0.3 22 25
0.3 22 26
0.3 22 28
0.3 22 38
0.3 22 45
0.3 22 48
0.3 22 49
0.3 23 27
0.3 23 33
0.3 23 34
0.3 23 36
0.3 23 41
0.3 23 42
0.3 24 27
0.3 24 43
0.3 24 47
0.3 25 27
0.3 25 31
0.3 25 39
0.3 26 28
0.3 26 39
0.3 26 43
0.3 26 46
0.3 26 47
0.3 27 35
0.3 27 36
0.3 27 38
0.3 27 40
0.3 28 30
0.3 28 46
0.3 29 31
0.3 29 37
0.3 29 44
0.3 30 33
0.3 30 35
0.3 30 37
0.3 30 38
0.3 30 41
0.3 30 44
0.3 30 45
0.3 30 49
0.3 31 48
0.3 32 36
0.3 32 39
0.3 33 35
0.3 33 36
0.3 33 38
0.3 33 39
0.3 33 41
0.3 33 43
0.3 34 35
0.3 34 41
0.3 34 47
0.3 35 39
0.3 35 40
0.3 35 42
0.3 35 43
0.3 35 45
0.3 35 47
0.3 35 48
0.3 36 39
0.3 36 42
0.3 36 43
0.3 36 45
0.3 36 46
0.3 37 41
0.3 37 45
0.3 37 49
0.3 38 39
0.3 38 41
0.3 38 44
0.3 39 44
0.3 40 44
0.3 40 46
0.3 42 46
0.3 43 46
0.3 44 45
0.3 45 48
0.3 48 49

0 435 62 487 238 445 90 374 217 68 417 79 404 124 274 254 398 228 115 171 329 281 146 466 492 489 125 272 378 496 138 411 347 185 124 398 119 337 159 276 330 212 108 279 95 478 200 482 117 98 
435 0 414 384 492 323 101 257 100 82 376 377 86 121 461 472 313 491 409 454 90 111 306 182 445 178 149 335 176 367 375 78 260 220 122 438 173 345 128 301 120 253 235 321 485 315 309 293 332 258 
62 414 0 83 482 397 55 414 366 400 308 420 241 489 468 241 454 451 298 114 194 445 140 73 258 397 197 291 475 461 339 391 75 92 142 241 101 185 358 331 376 393 381 195 316 59 162 174 51 373 
487 384 83 0 237 450 323 94 358 500 422 218 59 198 476 337 114 271 494 327 199 392 57 423 422 199 252 394 50 129 455 250 96 133 50 80 142 388 432 217 151 164 137 168 230 239 292 177 90 130 
238 492 482 237 0 181 109 340 319 476 405 300 292 315 236 303 280 500 415 462 403 416 436 119 193 463 440 378 155 493 335 483 449 384 252 471 313 178 250 249 81 426 461 303 268 317 397 352 472 120 
445 323 397 450 181 0 115 106 279 101 367 470 423 474 420 312 429 469 204 127 57 273 248 341 375 394 64 123 65 435 419 433 458 220 97 72 451 425 469 463 202 301 124 76 339 481 335 212 259 429 
90 101 55 323 109 115 0 433 345 78 244 83 110 479 379 81 56 303 56 374 125 168 136 110 381 306 448 493 498 336 203 375 421 179 182 141 263 113 298 468 76 264 391 266 310 497 343 358 116 251 
374 257 414 94 340 106 433 0 409 129 486 157 77 178 479 207 406 206 400 151 474 311 155 310 230 211 117 281 499 147 476 392 340 455 326 73 262 365 78 409 165 485 284 440 186 281 120 466 157 252 
217 100 366 358 319 279 345 409 0 50 331 495 258 259 367 334 307 58 182 318 97 302 230 112 96 94 412 325 149 450 254 408 121 182 332 190 345 340 57 82 99 462 392 229 270 471 205 320 140 208 
68 82 400 500 476 101 78 129 50 0 157 68 317 111 388 54 486 63 164 129 247 102 317 206 63 63 353 188 120 334 301 128 256 368 111 400 334 322 374 454 64 94 423 360 275 225 155 112 339 387 
417 376 308 422 405 367 244 486 331 157 0 452 444 98 271 392 272 97 362 264 459 323 142 115 460 339 287 52 247 352 182 399 239 78 103 414 83 416 235 288 359 176 234 442 289 462 434 363 185 248 
79 377 420 218 300 470 83 157 495 68 452 0 133 428 496 218 401 434 156 405 115 338 292 409 469 445 61 479 381 99 87 89 368 223 411 242 470 405 449 114 398 378 372 234 476 470 114 257 416 330 
404 86 241 59 292 423 110 77 258 317 444 133 0 361 205 471 256 484 426 147 369 349 468 213 132 144 158 463 152 404 152 373 335 70 101 395 237 160 426 462 452 386 270 99 293 334 191 339 166 347 
124 121 489 198 315 474 479 178 259 111 98 428 361 0 298 453 475 500 121 329 412 223 240 257 300 220 204 170 385 98 231 51 447 129 184 121 415 122 94 326 223 323 419 181 444 348 174 219 474 458 
274 461 468 476 236 420 379 479 367 388 271 496 205 298 0 473 312 406 90 69 179 487 207 157 79 381 106 87 139 186 198 477 100 491 102 322 52 88 210 426 202 276 183 395 360 242 57 272 399 69 
254 472 241 337 303 312 81 207 334 54 392 218 471 453 473 0 260 137 416 396 402 251 448 56 392 190 378 249 130 55 408 277 111 131 496 175 345 126 364 377 150 488 276 185 391 439 182 154 426 101 
398 313 454 114 280 429 56 406 307 486 272 401 256 475 312 260 0 312 278 323 129 437 358 362 119 233 493 388 347 190 123 165 111 192 208 196 359 206 487 191 353 304 382 77 261 86 484 225 312 424 
228 491 451 271 500 469 303 206 58 63 97 434 484 500 406 137 312 0 312 435 464 318 224 337 442 340 257 402 466 482 203 306 357 237 374 175 338 442 380 489 210 323 391 73 51 142 222 301 56 55 
115 409 298 494 415 204 56 400 182 164 362 156 426 121 90 416 278 312 0 306 483 432 249 79 213 366 229 159 168 343 97 430 247 317 74 83 450 102 82 244 124 318 186 129 265 138 195 82 362 277 
171 454 114 327 462 127 374 151 318 129 264 405 147 329 69 396 323 435 306 0 231 241 166 210 478 315 419 200 302 243 104 419 480 114 125 158 428 360 57 141 192 82 446 419 308 467 352 473 451 149 
329 90 194 199 403 57 125 474 97 247 459 115 369 412 179 402 129 464 483 231 0 65 253 335 155 346 137 280 353 447 496 116 423 79 146 445 260 55 332 231 210 244 144 224 258 101 88 434 326 315 
281 111 445 392 416 273 168 311 302 102 323 338 349 223 487 251 437 318 432 241 65 0 86 498 421 395 369 151 276 217 497 182 135 418 202 129 378 232 154 157 341 274 52 466 491 468 231 51 363 316 
146 306 140 57 436 248 136 155 230 317 142 292 468 240 207 448 358 224 249 166 253 86 0 401 134 413 151 407 411 252 257 415 394 273 255 399 403 236 416 305 440 140 55 397 473 163 164 320 105 377 
466 182 73 423 119 341 110 310 112 206 115 409 213 257 157 56 362 337 79 210 335 498 401 0 161 415 427 459 260 55 212 323 453 178 320 362 477 219 366 199 192 235 484 256 475 105 401 186 171 412 
492 445 258 422 193 375 381 230 96 63 460 469 132 300 79 392 119 442 213 478 155 421 134 161 0 92 234 70 55 443 248 100 393 180 96 215 203 463 357 180 152 312 483 312 292 364 499 382 182 491 
489 178 397 199 463 394 306 211 94 63 339 445 144 220 381 190 233 340 366 315 346 395 413 415 92 0 172 494 269 369 262 163 263 467 291 222 358 315 368 302 275 56 454 205 159 410 398 272 280 70 
125 149 197 252 440 64 448 117 412 353 287 61 158 204 106 378 493 257 229 419 137 369 151 427 234 172 0 83 166 265 362 292 244 188 418 269 180 453 244 267 97 464 380 385 179 86 438 322 430 382 
272 335 291 394 378 123 493 281 325 188 52 479 463 170 87 249 388 402 159 200 280 151 407 459 70 494 83 0 220 449 117 412 60 330 136 60 377 122 243 133 124 51 190 148 273 484 277 326 290 395 
378 176 475 50 155 65 498 499 149 120 247 381 152 385 139 130 347 466 168 302 353 276 411 260 55 269 166 220 0 137 234 230 199 148 116 119 458 409 207 500 279 204 179 111 399 237 149 121 416 112 
496 367 461 129 493 435 336 147 450 334 352 99 404 98 186 55 190 482 343 243 447 217 252 55 443 369 265 449 137 0 310 232 426 333 408 456 281 84 457 60 214 358 445 436 239 492 64 339 461 278 
138 375 339 455 335 419 203 476 254 301 182 87 152 231 198 408 123 203 97 104 496 497 257 212 248 262 362 117 234 310 0 428 195 326 345 204 129 496 261 298 456 497 392 375 194 153 109 277 259 317 
411 78 391 250 483 433 375 392 408 128 399 89 373 51 477 277 165 306 430 419 116 182 415 323 100 163 292 412 230 232 428 0 497 283 398 467 283 245 316 483 108 367 445 340 444 215 56 103 240 160 
347 260 75 96 449 458 421 340 121 256 239 368 335 447 100 111 111 357 247 480 423 135 394 453 393 263 244 60 199 426 195 497 0 259 480 393 404 379 291 311 492 110 179 257 430 307 323 131 499 486 
185 220 92 133 384 220 179 455 182 368 78 223 70 129 491 131 192 237 317 114 79 418 273 178 180 467 188 330 148 333 326 283 259 0 438 395 387 387 118 128 332 390 479 69 460 369 428 401 260 189 
124 122 142 50 252 97 182 326 332 111 103 411 101 184 102 496 208 374 74 125 146 202 255 320 96 291 418 136 116 408 345 398 480 438 0 253 376 340 454 199 209 481 81 215 380 160 298 437 487 447 
398 438 241 80 471 72 141 73 190 400 414 242 395 121 322 175 196 175 83 158 445 129 399 362 215 222 269 60 119 456 204 467 393 395 253 0 424 56 248 266 72 242 347 59 197 330 426 433 470 312 
119 173 101 142 313 451 263 262 345 334 83 470 237 415 52 345 359 338 450 428 260 378 403 477 203 358 180 377 458 281 129 283 404 387 376 424 0 312 87 298 240 190 102 302 54 106 263 320 225 117 
337 345 185 388 178 425 113 365 340 322 416 405 160 122 88 126 206 442 102 360 55 232 236 219 463 315 453 122 409 84 496 245 379 387 340 56 312 0 458 167 442 451 423 431 189 363 141 50 102 197 
159 128 358 432 250 469 298 78 57 374 235 449 426 94 210 364 487 380 82 57 332 154 416 366 357 368 244 243 207 457 261 316 291 118 454 248 87 458 0 382 187 226 337 205 89 317 497 155 333 270 
276 301 331 217 249 463 468 409 82 454 288 114 462 326 426 377 191 489 244 141 231 157 305 199 180 302 267 133 500 60 298 483 311 128 199 266 298 167 382 0 289 358 200 481 274 283 174 139 71 482 
330 120 376 151 81 202 76 165 99 64 359 398 452 223 202 150 353 210 124 192 210 341 440 192 152 275 97 124 279 214 456 108 492 332 209 72 240 442 187 289 0 496 101 290 170 87 453 113 147 290 
212 253 393 164 426 301 264 485 462 94 176 378 386 323 276 488 304 323 318 82 244 274 140 235 312 56 464 51 204 358 497 367 110 390 481 242 190 451 226 358 496 0 70 354 328 279 186 468 224 468 
108 235 381 137 461 124 391 284 392 423 234 372 270 419 183 276 382 391 186 446 144 52 55 484 483 454 380 190 179 445 392 445 179 479 81 347 102 423 337 200 101 70 0 422 249 252 238 102 193 312 
279 321 195 168 303 76 266 440 229 360 442 234 99 181 395 185 77 73 129 419 224 466 397 256 312 205 385 148 111 436 375 340 257 69 215 59 302 431 205 481 290 354 422 0 413 371 143 158 264 137 
95 485 316 230 268 339 310 186 270 275 289 476 293 444 360 391 261 51 265 308 258 491 473 475 292 159 179 273 399 239 194 444 430 460 380 197 54 189 89 274 170 328 249 413 0 126 310 186 405 181 
478 315 59 239 317 481 497 281 471 225 462 470 334 348 242 439 86 142 138 467 101 468 163 105 364 410 86 484 237 492 153 215 307 369 160 330 106 363 317 283 87 279 252 371 126 0 245 80 92 87 
200 309 162 292 397 335 343 120 205 155 434 114 191 174 57 182 484 222 195 352 88 231 164 401 499 398 438 277 149 64 109 56 323 428 298 426 263 141 497 174 453 186 238 143 310 245 0 263 189 395 
482 293 174 177 352 212 358 466 320 112 363 257 339 219 272 154 225 301 82 473 434 51 320 186 382 272 322 326 121 339 277 103 131 401 437 433 320 50 155 139 113 468 102 158 186 80 263 0 216 105 
117 332 51 90 472 259 116 157 140 339 185 416 166 474 399 426 312 56 362 451 326 363 105 171 182 280 430 290 416 461 259 240 499 260 487 470 225 102 333 71 147 224 193 264 405 92 189 216 0 300 
98 258 373 130 120 429 251 252 208 387 248 330 347 458 69 101 424 55 277 149 315 316 377 412 491 70 382 395 112 278 317 160 486 189 447 312 117 197 270 482 290 468 312 137 181 87 395 105 300 0 

937.86 0 35
937.86 1 0
937.86 2 48
937.86 3 34
937.86 4 19
937.86 5 11
937.86 6 43
937.86 7 36
937.86 8 16
937.86 9 14
937.86 10 32
937.86 11 0
937.86 12 27
937.86 13 36
937.86 14 48
937.86 15 6
937.86 16 48
937.86 17 33
937.86 18 11
937.86 19 46
937.86 20 30
937.86 21 8
937.86 22 28
937.86 23 22
937.86 24 43
937.86 25 29
937.86 26 27
937.86 27 40
937.86 28 30
937.86 29 4
937.86 30 11
937.86 31 16
937.86 32 4
937.86 33 10
937.86 34 7
937.86 35 28
937.86 36 27
937.86 37 1
937.86 38 16
937.86 39 43
937.86 40 21
937.86 41 4
937.86 42 48
937.86 43 48
937.86 44 41
937.86 45 3
937.86 46 10
937.86 47 40
937.86 48 41
937.86 49 27

