40 40 4 195

0.2 0 13
0.2 0 20
0.2 0 22
0.2 0 23
0.2 0 25
0.2 0 26
0.2 0 28
0.2 0 32
0.2 0 34
0.2 1 18
0.2 1 23
0.2 1 28
0.2 1 31
0.2 1 35
0.2 1 36
0.2 2 3
0.2 2 8
0.2 2 10
0.2 2 20
0.2 2 29
0.2 2 32
0.2 2 33
0.2 3 4
0.2 3 17
0.2 3 20
0.2 3 21
0.2 3 26
0.2 3 27
0.2 3 34
0.2 3 38
0.2 4 7
0.2 4 12
0.2 4 17
0.2 4 27
0.2 4 29
0.2 4 34
0.2 4 38
0.2 5 8
0.2 5 9
0.2 5 17
0.2 5 18
0.2 5 22
0.2 5 27
0.2 5 30
0.2 5 39
0.2 6 8
0.2 6 11
0.2 6 15
0.2 6 16
0.2 6 18
0.2 6 21
0.2 6 25
0.2 6 27
0.2 6 37
0.2 7 16
0.2 7 18
0.2 7 28
0.2 7 29
0.2 7 32
0.2 8 12
0.2 8 15
0.2 8 16
0.2 8 20
0.2 8 21
0.2 8 22
0.2 8 25
0.2 9 19
0.2 9 20
0.2 9 21
0.2 9 26
0.2 9 30
0.2 9 32
0.2 9 33
0.2 9 34
0.2 9 37
0.2 9 38
0.2 10 15
0.2 10 23
0.2 10 26
0.2 10 30
0.2 10 39
0.2 11 16
0.2 11 18
0.2 11 23
0.2 11 31
0.2 11 35
0.2 12 13
0.2 12 16
0.2 12 17
0.2 12 22
0.2 12 25
0.2 12 27
0.2 12 36
0.2 12 38
0.2 12 39
0.2 13 23
0.2 13 29
0.2 13 31
0.2 13 35
0.2 13 37
0.2 13 38
0.2 14 18
0.2 14 21
0.2 14 26
0.2 14 29
0.2 14 31
0.2 15 17
0.2 15 19
0.2 15 23
0.2 15 25
0.2 15 31
0.2 15 32
0.2 15 34
0.2 15 35
0.2 15 37
0.2 15 39
0.2 16 19
0.2 16 25
0.2 16 30
0.2 16 32
0.2 16 33
0.2 16 34
0.2 16 35
0.2 16 37
0.2 17 19
0.2 17 20
0.2 17 24
0.2 17 26
0.2 17 31
0.2 17 35
0.2 18 22
0.2 18 27
0.2 18 29
0.2 18 39
0.2 19 20
0.2 19 21
0.2 19 26
0.2 19 28
0.2 19 32
0.2 19 33
0.2 20 26
0.2 20 27
0.2 20 29
0.2 20 30
0.2 20 32
0.2 20 38
0.2 21 25
0.2 21 33
0.2 21 34
0.2 22 23
0.2 22 24
0.2 22 33
0.2 22 34
0.2 22 35
0.2 23 29
0.2 23 33
0.2 23 34
0.2 23 37
0.2 24 29
0.2 24 32
0.2 24 38
0.2 25 29
0.2 25 32
0.2 25 35
0.2 26 28
0.2 26 30
0.2 26 34
0.2 26 35
0.2 26 39
0.2 27 32
0.2 27 33
0.2 28 29
0.2 28 32
0.2 28 33
0.2 28 34
0.2 28 36
0.2 29 30
0.2 29 32
0.2 29 34
0.2 29 36
0.2 29 37
0.2 30 33
0.2 30 39
0.2 31 32
0.2 31 35
0.2 32 34
0.2 32 37
0.2 32 39
0.2 33 34
0.2 33 35
0.2 34 35
0.2 34 37
0.2 35 37
0.2 36 37
0.2 37 39

0 201 309 410 399 362 105 375 53 230 175 277 165 111 186 380 247 120 417 62 112 117 146 247 215 454 458 355 91 55 489 216 189 463 112 271 327 330 195 66 
201 0 231 212 120 486 242 157 456 425 57 499 339 118 377 249 195 365 477 64 142 226 366 353 475 498 145 230 74 414 246 248 373 209 466 342 136 496 103 62 
309 231 0 198 245 467 476 423 388 459 248 352 119 176 313 105 180 416 350 93 426 360 479 441 453 446 421 259 68 394 135 174 434 270 99 380 436 120 369 244 
410 212 198 0 355 273 156 326 411 425 357 240 331 119 169 393 330 464 423 235 469 297 317 212 481 163 167 323 354 303 158 301 196 155 338 473 257 105 326 220 
399 120 245 355 0 266 103 384 264 279 163 258 471 258 242 310 458 175 254 399 379 493 110 391 286 55 91 86 135 194 139 357 436 111 127 362 190 334 211 220 
362 486 467 273 266 0 126 290 326 77 301 63 348 126 458 174 55 296 228 133 247 168 66 237 76 420 273 216 455 412 389 263 196 68 447 100 453 175 161 57 
105 242 476 156 103 126 0 464 320 410 434 127 358 233 492 68 71 238 175 471 492 416 386 115 249 488 120 419 112 156 303 189 92 162 495 292 385 283 348 55 
375 157 423 326 384 290 464 0 182 245 244 168 380 321 81 135 171 467 270 399 231 159 144 311 178 428 88 213 409 280 257 366 57 190 314 430 74 272 145 215 
53 456 388 411 264 326 320 182 0 300 408 277 300 353 76 138 497 385 131 83 383 105 75 118 273 395 425 333 491 367 495 470 373 207 465 104 69 288 68 266 
230 425 459 425 279 77 410 245 300 0 112 159 364 231 322 145 309 89 407 218 379 288 110 418 308 196 441 460 485 425 289 391 189 481 320 67 339 181 188 101 
175 57 248 357 163 301 434 244 408 112 0 194 262 172 51 319 404 285 286 185 450 453 211 383 118 408 94 436 327 188 123 361 368 68 118 422 349 158 203 406 
277 499 352 240 258 63 127 168 277 159 194 0 307 92 130 409 74 293 115 230 445 374 458 96 192 180 345 160 203 113 176 300 172 118 54 178 228 86 208 446 
165 339 119 331 471 348 358 380 300 364 262 307 0 439 386 204 66 244 316 110 147 381 176 234 198 222 184 499 73 409 183 273 412 97 69 360 232 316 106 92 
111 118 176 119 258 126 233 321 353 231 172 92 439 0 137 500 485 492 146 309 465 134 214 199 306 363 472 361 493 221 187 494 361 89 493 247 407 228 129 489 
186 377 313 169 242 458 492 81 76 322 51 130 386 137 0 288 410 287 186 413 489 99 451 113 464 308 239 100 346 267 84 193 71 250 367 325 399 408 289 52 
380 249 105 393 310 174 68 135 138 145 319 409 204 500 288 0 361 197 388 166 332 466 50 326 215 202 330 299 183 433 354 63 425 425 343 453 387 134 259 110 
247 195 180 330 458 55 71 171 497 309 404 74 66 485 410 361 0 393 62 438 119 332 129 293 374 170 135 412 491 213 160 103 170 363 119 187 298 108 96 368 
120 365 416 464 175 296 238 467 385 89 285 293 244 492 287 197 393 0 356 373 328 297 109 345 381 377 369 441 413 112 223 303 324 324 197 107 185 433 241 482 
417 477 350 423 254 228 175 270 131 407 286 115 316 146 186 388 62 356 0 344 58 196 312 142 305 100 259 477 440 322 273 444 368 127 386 221 119 419 230 437 
62 64 93 235 399 133 471 399 83 218 185 230 110 309 413 166 438 373 344 0 468 421 367 210 177 74 449 150 496 411 429 82 203 123 234 204 165 427 491 244 
112 142 426 469 379 247 492 231 383 379 450 445 147 465 489 332 119 328 58 468 0 175 268 58 321 389 384 270 324 231 252 231 54 93 76 185 111 131 133 209 
117 226 360 297 493 168 416 159 105 288 453 374 381 134 99 466 332 297 196 421 175 0 185 268 454 63 411 111 380 262 390 195 62 409 62 287 174 446 351 224 
146 366 479 317 110 66 386 144 75 110 211 458 176 214 451 50 129 109 312 367 268 185 0 374 447 447 325 225 472 406 159 423 332 380 311 233 75 260 68 194 
247 353 441 212 391 237 115 311 118 418 383 96 234 199 113 326 293 345 142 210 58 268 374 0 353 262 467 235 424 54 220 340 100 176 128 161 128 245 379 468 
215 475 453 481 286 76 249 178 273 308 118 192 198 306 464 215 374 381 305 177 321 454 447 353 0 150 217 266 357 348 52 365 133 371 360 427 369 265 480 157 
454 498 446 163 55 420 488 428 395 196 408 180 222 363 308 202 170 377 100 74 389 63 447 262 150 0 106 108 290 134 370 181 463 101 323 348 443 445 169 405 
458 145 421 167 91 273 120 88 425 441 94 345 184 472 239 330 135 369 259 449 384 411 325 467 217 106 0 145 355 184 67 416 466 141 476 203 77 186 170 143 
355 230 259 323 86 216 419 213 333 460 436 160 499 361 100 299 412 441 477 150 270 111 225 235 266 108 145 0 91 204 136 382 466 62 189 310 334 170 228 365 
91 74 68 354 135 455 112 409 491 485 327 203 73 493 346 183 491 413 440 496 324 380 472 424 357 290 355 91 0 374 53 267 436 191 165 489 408 322 81 326 
55 414 394 303 194 412 156 280 367 425 188 113 409 221 267 433 213 112 322 411 231 262 406 54 348 134 184 204 374 0 222 419 140 123 336 418 113 296 451 137 
489 246 135 158 139 389 303 257 495 289 123 176 183 187 84 354 160 223 273 429 252 390 159 220 52 370 67 136 53 222 0 103 275 136 177 450 479 423 308 177 
216 248 174 301 357 263 189 366 470 391 361 300 273 494 193 63 103 303 444 82 231 195 423 340 365 181 416 382 267 419 103 0 124 361 434 466 441 151 226 98 
189 373 434 196 436 196 92 57 373 189 368 172 412 361 71 425 170 324 368 203 54 62 332 100 133 463 466 466 436 140 275 124 0 489 57 466 199 291 53 149 
463 209 270 155 111 68 162 190 207 481 68 118 97 89 250 425 363 324 127 123 93 409 380 176 371 101 141 62 191 123 136 361 489 0 434 85 170 249 176 128 
112 466 99 338 127 447 495 314 465 320 118 54 69 493 367 343 119 197 386 234 76 62 311 128 360 323 476 189 165 336 177 434 57 434 0 194 404 206 258 268 
271 342 380 473 362 100 292 430 104 67 422 178 360 247 325 453 187 107 221 204 185 287 233 161 427 348 203 310 489 418 450 466 466 85 194 0 95 331 422 319 
327 136 436 257 190 453 385 74 69 339 349 228 232 407 399 387 298 185 119 165 111 174 75 128 369 443 77 334 408 113 479 441 199 170 404 95 0 374 287 135 
330 496 120 105 334 175 283 272 288 181 158 86 316 228 408 134 108 433 419 427 131 446 260 245 265 445 186 170 322 296 423 151 291 249 206 331 374 0 106 274 
195 103 369 326 211 161 348 145 68 188 203 208 106 129 289 259 96 241 230 491 133 351 68 379 480 169 170 228 81 451 308 226 53 176 258 422 287 106 0 240 
66 62 244 220 220 57 55 215 266 101 406 446 92 489 52 110 368 482 437 244 209 224 194 468 157 405 143 365 326 137 177 98 149 128 268 319 135 274 240 0 

613.5 0 15
613.5 1 35
613.5 2 24
613.5 3 21
613.5 4 20
613.5 5 6
613.5 6 25
613.5 7 22
613.5 8 30
613.5 9 10
613.5 10 18
613.5 11 26
613.5 12 37
613.5 13 32
613.5 14 29
613.5 15 31
613.5 16 35
613.5 17 28
613.5 18 37
613.5 19 29
613.5 20 8
613.5 21 33
613.5 22 31
613.5 23 22
613.5 24 35
613.5 25 3
613.5 26 24
613.5 27 33
613.5 28 27
613.5 29 12
613.5 30 21
613.5 31 32
613.5 32 8
613.5 33 34
613.5 34 3
613.5 35 18
613.5 36 28
613.5 37 28
613.5 38 29
613.5 39 20
