30 30 3 87

0.2 0 6
0.2 0 8
0.2 0 9
0.2 0 13
0.2 0 14
0.2 0 15
0.2 0 17
0.2 0 19
0.2 0 20
0.2 0 21
0.2 0 24
0.2 0 25
0.2 1 3
0.2 1 4
0.2 1 8
0.2 1 13
0.2 1 15
0.2 1 17
0.2 1 22
0.2 1 23
0.2 2 7
0.2 2 18
0.2 2 24
0.2 2 25
0.2 3 11
0.2 3 12
0.2 3 15
0.2 3 19
0.2 3 23
0.2 4 6
0.2 4 10
0.2 4 14
0.2 4 15
0.2 4 19
0.2 4 20
0.2 5 10
0.2 5 13
0.2 5 14
0.2 5 18
0.2 6 7
0.2 6 9
0.2 6 10
0.2 6 21
0.2 6 22
0.2 7 19
0.2 7 22
0.2 7 24
0.2 7 29
0.2 8 10
0.2 8 11
0.2 8 26
0.2 8 29
0.2 10 11
0.2 10 16
0.2 10 21
0.2 11 12
0.2 11 13
0.2 11 27
0.2 12 16
0.2 12 18
0.2 12 19
0.2 12 20
0.2 12 22
0.2 12 24
0.2 12 25
0.2 13 25
0.2 13 27
0.2 14 18
0.2 14 24
0.2 14 28
0.2 15 17
0.2 15 20
0.2 17 23
0.2 18 27
0.2 18 29
0.2 19 22
0.2 19 23
0.2 19 25
0.2 19 26
0.2 20 21
0.2 20 23
0.2 21 23
0.2 23 26
0.2 24 26
0.2 24 29
0.2 25 29
0.2 27 28

0 170 89 407 318 437 352 103 50 389 192 191 265 163 245 207 135 445 382 497 114 248 148 59 228 207 273 354 148 96 
170 0 261 490 439 308 120 260 78 308 356 205 281 353 171 480 430 140 350 376 250 133 173 350 52 363 353 155 69 178 
89 261 0 398 378 268 120 106 318 252 333 149 86 434 52 498 115 265 326 324 414 362 85 365 345 497 177 117 82 281 
407 490 398 0 272 369 448 129 377 474 263 377 467 404 196 337 463 282 350 394 215 147 398 328 353 265 366 345 477 401 
318 439 378 272 0 205 496 204 117 79 303 205 461 279 269 142 433 439 81 274 323 131 149 404 89 78 394 186 129 404 
437 308 268 369 205 0 458 410 285 395 84 177 115 496 281 350 261 114 245 260 96 193 371 475 78 247 81 340 395 69 
352 120 120 448 496 458 0 480 284 281 220 401 361 198 411 270 232 258 227 192 426 346 178 51 157 416 279 404 94 377 
103 260 106 129 204 410 480 0 314 297 356 289 241 262 500 497 420 191 470 427 163 406 91 338 390 464 464 70 424 484 
50 78 318 377 117 285 284 314 0 263 294 452 118 187 317 128 378 399 395 62 174 79 349 117 87 249 284 413 80 170 
389 308 252 474 79 395 281 297 263 0 484 392 330 353 133 266 438 230 395 155 240 333 90 357 213 260 495 297 384 421 
192 356 333 263 303 84 220 356 294 484 0 72 384 117 216 401 444 298 123 450 218 425 289 461 462 72 248 308 83 163 
191 205 149 377 205 177 401 289 452 392 72 0 424 270 138 97 461 202 427 400 446 350 432 152 121 495 481 191 307 201 
265 281 86 467 461 115 361 241 118 330 384 424 0 264 444 159 154 95 261 292 236 82 403 461 323 495 410 467 296 61 
163 353 434 404 279 496 198 262 187 353 117 270 264 0 408 460 81 257 341 331 300 94 142 316 436 386 211 92 87 197 
245 171 52 196 269 281 411 500 317 133 216 138 444 408 0 164 160 317 127 249 476 271 62 474 123 385 229 185 115 458 
207 480 498 337 142 350 270 497 128 266 401 97 159 460 164 0 61 181 107 324 129 111 302 345 160 288 376 215 194 63 
135 430 115 463 433 261 232 420 378 438 444 461 154 81 160 61 0 187 105 387 73 348 194 357 53 306 440 72 53 234 
445 140 265 282 439 114 258 191 399 230 298 202 95 257 317 181 187 0 115 281 236 404 174 78 186 346 431 301 157 279 
382 350 326 350 81 245 227 470 395 395 123 427 261 341 127 107 105 115 0 69 478 224 87 142 328 360 370 132 329 207 
497 376 324 394 274 260 192 427 62 155 450 400 292 331 249 324 387 281 69 0 206 228 478 352 362 128 82 252 218 237 
114 250 414 215 323 96 426 163 174 240 218 446 236 300 476 129 73 236 478 206 0 143 98 460 353 281 315 176 179 386 
248 133 362 147 131 193 346 406 79 333 425 350 82 94 271 111 348 404 224 228 143 0 144 495 143 433 157 279 130 243 
148 173 85 398 149 371 178 91 349 90 289 432 403 142 62 302 194 174 87 478 98 144 0 200 335 446 338 182 57 162 
59 350 365 328 404 475 51 338 117 357 461 152 461 316 474 345 357 78 142 352 460 495 200 0 198 491 367 252 137 65 
228 52 345 353 89 78 157 390 87 213 462 121 323 436 123 160 53 186 328 362 353 143 335 198 0 325 467 311 463 79 
207 363 497 265 78 247 416 464 249 260 72 495 495 386 385 288 306 346 360 128 281 433 446 491 325 0 172 203 286 376 
273 353 177 366 394 81 279 464 284 495 248 481 410 211 229 376 440 431 370 82 315 157 338 367 467 172 0 360 269 152 
354 155 117 345 186 340 404 70 413 297 308 191 467 92 185 215 72 301 132 252 176 279 182 252 311 203 360 0 215 492 
148 69 82 477 129 395 94 424 80 384 83 307 296 87 115 194 53 157 329 218 179 130 57 137 463 286 269 215 0 161 
96 178 281 401 404 69 377 484 170 421 163 201 61 197 458 63 234 279 207 237 386 243 162 65 79 376 152 492 161 0 

496 0 9
496 1 21
496 2 16
496 3 25
496 4 12
496 5 11
496 6 3
496 7 28
496 8 27
496 9 10
496 10 4
496 11 21
496 12 2
496 13 17
496 14 18
496 15 17
496 16 9
496 17 24
496 18 16
496 19 9
496 20 10
496 21 22
496 22 25
496 23 7
496 24 21
496 25 16
496 26 20
496 27 20
496 28 6
496 29 27
