10 10 3 9

0.2 0 8
0.2 1 2
0.2 1 4
0.2 2 4
0.2 3 4
0.2 5 8
0.2 5 9
0.2 6 7
0.2 8 9

0 272 160 136 372 417 277 68 328 450 
272 0 445 76 433 408 265 128 309 471 
160 445 0 118 473 161 283 372 474 133 
136 76 118 0 68 158 324 430 306 422 
372 433 473 68 0 159 424 110 419 489 
417 408 161 158 159 0 492 219 175 500 
277 265 283 324 424 492 0 56 392 330 
68 128 372 430 110 219 56 0 445 149 
328 309 474 306 419 175 392 445 0 157 
450 471 133 422 489 500 330 149 157 0 

236 0 4
236 1 4
236 2 8
236 3 5
236 4 8
236 5 3
236 6 7
236 7 6
236 8 4
236 9 5
