10 10 4 4

0.25 0 7
0.25 1 5
0.25 3 8
0.25 4 8

0 157 82 244 366 196 260 312 142 182 
157 0 399 467 407 78 85 101 490 65 
82 399 0 194 456 63 459 402 384 358 
244 467 194 0 293 428 80 472 250 344 
366 407 456 293 0 102 378 164 71 309 
196 78 63 428 102 0 226 431 489 53 
260 85 459 80 378 226 0 257 444 373 
312 101 402 472 164 431 257 0 245 78 
142 490 384 250 71 489 444 245 0 188 
182 65 358 344 309 53 373 78 188 0 

169.75 0 1
169.75 1 2
169.75 2 1
169.75 3 7
169.75 4 1
169.75 5 8
169.75 6 3
169.75 7 2
169.75 8 9
169.75 9 8
