10 10 3 4

0.2 2 4
0.2 3 5
0.2 3 6
0.2 3 7

0 115 433 296 73 245 353 103 249 170 
115 0 254 324 486 69 500 63 425 132 
433 254 0 155 246 164 150 130 104 373 
296 324 155 0 478 335 304 440 314 123 
73 486 246 478 0 269 107 448 113 316 
245 69 164 335 269 0 220 181 65 324 
353 500 150 304 107 220 0 282 109 349 
103 63 130 440 448 181 282 0 387 186 
249 425 104 314 113 65 109 387 0 366 
170 132 373 123 316 324 349 186 366 0 

209.75 0 4
209.75 1 7
209.75 2 3
209.75 3 8
209.75 4 7
209.75 5 2
209.75 6 2
209.75 7 4
209.75 8 7
209.75 9 5
