30 30 4 108

0.2 0 1
0.2 0 2
0.2 0 4
0.2 0 8
0.2 0 10
0.2 0 13
0.2 0 14
0.2 0 17
0.2 0 21
0.2 0 24
0.2 0 25
0.2 0 27
0.2 1 6
0.2 1 15
0.2 1 16
0.2 1 25
0.2 2 4
0.2 2 6
0.2 2 18
0.2 2 23
0.2 2 29
0.2 3 6
0.2 3 7
0.2 3 11
0.2 3 18
0.2 4 11
0.2 4 19
0.2 4 22
0.2 4 23
0.2 4 25
0.2 4 29
0.2 5 15
0.2 5 19
0.2 5 22
0.2 5 28
0.2 5 29
0.2 6 8
0.2 6 9
0.2 6 11
0.2 6 15
0.2 6 16
0.2 6 17
0.2 6 19
0.2 6 20
0.2 6 22
0.2 7 15
0.2 7 17
0.2 7 18
0.2 7 22
0.2 7 25
0.2 7 26
0.2 8 14
0.2 8 15
0.2 8 20
0.2 8 26
0.2 8 29
0.2 9 11
0.2 9 21
0.2 9 22
0.2 9 24
0.2 9 27
0.2 9 28
0.2 10 11
0.2 10 16
0.2 10 24
0.2 10 25
0.2 11 20
0.2 12 15
0.2 12 19
0.2 12 21
0.2 12 24
0.2 12 27
0.2 12 28
0.2 13 14
0.2 13 19
0.2 13 22
0.2 13 25
0.2 13 29
0.2 14 15
0.2 14 19
0.2 14 25
0.2 14 26
0.2 15 16
0.2 15 18
0.2 15 20
0.2 15 21
0.2 15 24
0.2 15 25
0.2 16 18
0.2 16 24
0.2 16 27
0.2 16 29
0.2 17 22
0.2 17 25
0.2 17 28
0.2 18 23
0.2 18 29
0.2 19 20
0.2 19 23
0.2 19 24
0.2 19 29
0.2 20 21
0.2 20 27
0.2 21 29
0.2 22 27
0.2 25 26
0.2 25 27
0.2 26 29

0 334 436 415 345 439 390 406 93 434 120 301 160 192 60 412 183 440 480 484 440 96 250 172 450 365 411 486 98 355 
334 0 56 368 126 466 118 387 229 98 140 164 421 429 428 171 86 313 413 116 480 474 197 487 298 324 258 129 161 192 
436 56 0 227 436 438 496 286 494 315 335 372 299 450 329 476 62 191 97 367 160 349 386 289 111 197 414 472 354 134 
415 368 227 0 59 99 249 106 133 369 115 81 425 305 432 316 317 462 179 140 187 448 325 96 209 76 496 58 109 159 
345 126 436 59 0 323 122 165 164 107 339 207 290 306 415 69 366 332 143 77 194 139 146 365 189 485 277 352 354 59 
439 466 438 99 323 0 105 296 500 461 407 100 357 401 79 404 444 95 199 343 229 495 187 211 417 166 425 382 433 438 
390 118 496 249 122 105 0 74 498 91 378 282 141 305 91 473 231 190 371 288 320 468 427 250 497 326 360 473 80 425 
406 387 286 106 165 296 74 0 483 251 245 497 87 382 336 325 395 156 160 287 74 58 387 393 82 190 307 472 362 363 
93 229 494 133 164 500 498 483 0 59 500 422 314 408 329 210 242 462 335 306 444 113 227 349 295 171 121 134 285 371 
434 98 315 369 107 461 91 251 59 0 370 281 358 419 223 129 66 270 492 434 265 338 72 206 239 143 143 456 169 455 
120 140 335 115 339 407 378 245 500 370 0 495 157 254 125 129 430 442 214 254 302 334 434 90 78 349 498 396 335 432 
301 164 372 81 207 100 282 497 422 281 495 0 405 196 392 298 415 259 119 402 169 52 200 441 97 310 444 200 463 362 
160 421 299 425 290 357 141 87 314 358 157 405 0 333 314 488 348 257 183 166 249 73 127 481 311 266 175 262 253 123 
192 429 450 305 306 401 305 382 408 419 254 196 333 0 162 498 77 196 381 440 369 444 137 186 446 101 187 223 497 473 
60 428 329 432 415 79 91 336 329 223 125 392 314 162 0 51 435 261 58 70 242 396 289 128 298 343 114 293 359 324 
412 171 476 316 69 404 473 325 210 129 129 298 488 498 51 0 460 146 446 420 95 217 122 164 203 61 269 466 403 82 
183 86 62 317 366 444 231 395 242 66 430 415 348 77 435 460 0 232 71 118 152 379 312 72 294 498 242 374 466 469 
440 313 191 462 332 95 190 156 462 270 442 259 257 196 261 146 232 0 226 163 291 216 53 305 454 127 375 419 288 389 
480 413 97 179 143 199 371 160 335 492 214 119 183 381 58 446 71 226 0 118 333 448 185 186 243 108 485 359 403 436 
484 116 367 140 77 343 288 287 306 434 254 402 166 440 70 420 118 163 118 0 145 322 149 212 235 308 294 194 431 434 
440 480 160 187 194 229 320 74 444 265 302 169 249 369 242 95 152 291 333 145 0 187 337 455 191 72 424 394 161 177 
96 474 349 448 139 495 468 58 113 338 334 52 73 444 396 217 379 216 448 322 187 0 394 470 135 112 252 101 321 338 
250 197 386 325 146 187 427 387 227 72 434 200 127 137 289 122 312 53 185 149 337 394 0 300 69 461 498 275 290 365 
172 487 289 96 365 211 250 393 349 206 90 441 481 186 128 164 72 305 186 212 455 470 300 0 305 73 257 378 62 495 
450 298 111 209 189 417 497 82 295 239 78 97 311 446 298 203 294 454 243 235 191 135 69 305 0 273 311 101 214 365 
365 324 197 76 485 166 326 190 171 143 349 310 266 101 343 61 498 127 108 308 72 112 461 73 273 0 305 405 97 361 
411 258 414 496 277 425 360 307 121 143 498 444 175 187 114 269 242 375 485 294 424 252 498 257 311 305 0 337 287 56 
486 129 472 58 352 382 473 472 134 456 396 200 262 223 293 466 374 419 359 194 394 101 275 378 101 405 337 0 298 78 
98 161 354 109 354 433 80 362 285 169 335 463 253 497 359 403 466 288 403 431 161 321 290 62 214 97 287 298 0 164 
355 192 134 159 59 438 425 363 371 455 432 362 123 473 324 82 469 389 436 434 177 338 365 495 365 361 56 78 164 0 

470 0 22
470 1 21
470 2 10
470 3 17
470 4 26
470 5 11
470 6 19
470 7 20
470 8 18
470 9 1
470 10 17
470 11 3
470 12 28
470 13 17
470 14 25
470 15 11
470 16 28
470 17 3
470 18 11
470 19 8
470 20 16
470 21 8
470 22 14
470 23 12
470 24 23
470 25 16
470 26 28
470 27 23
470 28 18
470 29 14
