50 50 4 306

0.4 0 4
0.4 0 16
0.4 0 17
0.4 0 27
0.4 0 31
0.4 0 39
0.4 0 44
0.4 0 48
0.4 0 49
0.4 1 4
0.4 1 5
0.4 1 7
0.4 1 8
0.4 1 16
0.4 1 17
0.4 1 18
0.4 1 24
0.4 1 33
0.4 1 35
0.4 1 42
0.4 1 44
0.4 1 45
0.4 2 5
0.4 2 16
0.4 2 18
0.4 2 19
0.4 2 26
0.4 2 28
0.4 2 30
0.4 2 42
0.4 2 46
0.4 3 8
0.4 3 12
0.4 3 18
0.4 3 21
0.4 3 25
0.4 3 29
0.4 3 36
0.4 3 46
0.4 4 11
0.4 4 13
0.4 4 17
0.4 4 21
0.4 4 30
0.4 4 31
0.4 4 34
0.4 4 37
0.4 4 38
0.4 4 39
0.4 4 40
0.4 4 49
0.4 5 12
0.4 5 15
0.4 5 21
0.4 5 24
0.4 5 28
0.4 5 30
0.4 5 33
0.4 5 47
0.4 6 11
0.4 6 25
0.4 6 26
0.4 6 30
0.4 6 38
0.4 6 42
0.4 6 43
0.4 6 44
0.4 6 49
0.4 7 9
0.4 7 11
0.4 7 17
0.4 7 21
0.4 7 26
0.4 7 28
0.4 7 29
0.4 7 39
0.4 7 44
0.4 8 12
0.4 8 17
0.4 8 18
0.4 8 25
0.4 8 28
0.4 8 34
0.4 8 45
0.4 9 10
0.4 9 15
0.4 9 16
0.4 9 17
0.4 9 19
0.4 9 23
0.4 9 24
0.4 9 30
0.4 9 36
0.4 9 37
0.4 9 39
0.4 9 40
0.4 9 41
0.4 9 42
0.4 9 49
0.4 10 11
0.4 10 12
0.4 10 16
0.4 10 17
0.4 10 23
0.4 10 24
0.4 10 26
0.4 10 29
0.4 10 34
0.4 10 35
0.4 10 37
0.4 10 45
0.4 11 12
0.4 11 18
0.4 11 22
0.4 11 23
0.4 11 32
0.4 11 43
0.4 11 46
0.4 11 49
0.4 12 14
0.4 12 20
0.4 12 22
0.4 12 27
0.4 12 31
0.4 12 33
0.4 12 38
0.4 12 41
0.4 13 19
0.4 13 21
0.4 13 23
0.4 13 26
0.4 13 33
0.4 13 41
0.4 13 45
0.4 14 16
0.4 14 20
0.4 14 22
0.4 14 31
0.4 14 32
0.4 14 43
0.4 14 46
0.4 14 48
0.4 15 27
0.4 15 28
0.4 15 31
0.4 15 34
0.4 15 43
0.4 15 44
0.4 15 46
0.4 16 22
0.4 16 25
0.4 16 26
0.4 16 33
0.4 16 37
0.4 16 47
0.4 17 18
0.4 17 21
0.4 17 24
0.4 17 29
0.4 17 30
0.4 17 31
0.4 17 34
0.4 17 39
0.4 17 47
0.4 17 49
0.4 18 20
0.4 18 21
0.4 18 23
0.4 18 24
0.4 18 26
0.4 18 30
0.4 18 37
0.4 18 39
0.4 18 41
0.4 18 45
0.4 18 46
0.4 19 21
0.4 19 22
0.4 19 24
0.4 19 29
0.4 19 31
0.4 19 33
0.4 19 38
0.4 19 39
0.4 19 43
0.4 19 44
0.4 19 47
0.4 20 24
0.4 20 25
0.4 20 31
0.4 20 33
0.4 20 38
0.4 20 42
0.4 20 45
0.4 20 48
0.4 20 49
0.4 21 28
0.4 21 32
0.4 21 37
0.4 21 46
0.4 22 27
0.4 22 31
0.4 22 34
0.4 22 37
0.4 22 38
0.4 22 41
0.4 22 44
0.4 22 45
0.4 22 46
0.4 22 47
0.4 22 48
0.4 23 24
0.4 23 31
0.4 23 35
0.4 23 40
0.4 23 42
0.4 23 43
0.4 23 45
0.4 24 28
0.4 24 31
0.4 24 40
0.4 24 41
0.4 24 46
0.4 24 47
0.4 24 49
0.4 25 31
0.4 25 32
0.4 25 34
0.4 25 35
0.4 25 40
0.4 25 42
0.4 25 48
0.4 26 27
0.4 26 30
0.4 26 32
0.4 26 34
0.4 26 47
0.4 26 49
0.4 27 28
0.4 27 31
0.4 27 32
0.4 27 34
0.4 28 31
0.4 28 37
0.4 28 42
0.4 29 32
0.4 29 33
0.4 29 36
0.4 29 46
0.4 29 49
0.4 30 32
0.4 30 33
0.4 30 40
0.4 30 44
0.4 30 45
0.4 30 48
0.4 30 49
0.4 31 32
0.4 31 33
0.4 31 40
0.4 31 47
0.4 31 49
0.4 32 33
0.4 32 36
0.4 32 38
0.4 32 43
0.4 32 45
0.4 32 46
0.4 32 48
0.4 32 49
0.4 33 38
0.4 33 39
0.4 33 42
0.4 33 45
0.4 33 46
0.4 34 36
0.4 34 38
0.4 34 41
0.4 35 43
0.4 35 45
0.4 35 47
0.4 35 49
0.4 36 37
0.4 36 39
0.4 36 49
0.4 37 41
0.4 37 43
0.4 37 46
0.4 38 46
0.4 38 49
0.4 39 44
0.4 39 46
0.4 39 47
0.4 39 48
0.4 39 49
0.4 40 41
0.4 40 43
0.4 40 46
0.4 40 49
0.4 41 43
0.4 41 45
0.4 41 46
0.4 43 47
0.4 43 49
0.4 44 48
0.4 48 49

0 452 326 483 333 263 429 280 398 313 102 387 245 470 473 100 308 263 336 75 224 294 441 162 285 210 497 252 301 358 156 100 206 322 203 70 349 431 114 150 429 189 196 412 129 84 82 232 267 265 
452 0 143 71 265 349 100 405 208 371 171 114 429 93 130 413 252 247 58 460 470 331 360 483 468 352 483 367 101 416 367 92 402 102 127 93 197 136 381 433 99 104 455 359 437 198 354 310 196 231 
326 143 0 158 111 116 295 92 148 233 471 380 388 217 428 486 482 221 352 272 99 122 168 241 286 348 453 435 224 469 347 334 296 379 497 131 391 125 371 370 183 492 400 362 224 199 209 132 66 115 
483 71 158 0 343 268 220 353 105 374 347 363 428 62 456 427 144 396 273 219 419 88 54 308 141 165 85 133 272 365 279 397 309 251 360 181 348 139 481 422 108 464 201 239 447 410 326 277 162 65 
333 265 111 343 0 173 160 167 240 420 341 218 58 78 452 139 179 336 311 436 115 399 253 331 62 268 146 362 59 223 91 321 223 186 236 410 272 165 402 235 480 401 120 199 459 390 117 257 481 341 
263 349 116 268 173 0 225 353 449 446 337 87 63 251 445 286 438 457 425 276 260 456 462 306 318 89 341 188 297 399 211 376 378 451 288 337 154 425 150 225 189 352 186 295 481 170 421 200 300 310 
429 100 295 220 160 225 0 477 87 223 278 217 129 460 200 351 96 246 117 387 204 342 54 105 486 443 452 115 413 136 452 314 122 403 405 494 319 89 136 204 122 80 484 112 359 57 220 61 62 500 
280 405 92 353 167 353 477 0 261 486 328 273 438 105 136 151 123 194 199 281 397 74 372 482 343 259 204 70 142 233 441 273 202 292 159 500 181 94 221 420 166 173 293 120 375 79 486 368 364 434 
398 208 148 105 240 449 87 261 0 421 448 277 500 344 332 314 137 270 292 175 390 112 190 263 430 57 395 430 365 196 297 72 156 95 256 368 209 157 309 153 334 467 249 54 344 319 332 383 94 275 
313 371 233 374 420 446 223 486 421 0 321 165 500 280 127 101 389 298 245 151 186 161 492 252 469 435 323 418 100 499 184 110 389 424 362 263 323 417 278 228 479 207 455 351 233 118 194 478 356 467 
102 171 471 347 341 337 278 328 448 321 0 311 491 435 352 318 161 462 146 135 399 332 372 341 290 350 422 118 208 325 343 407 315 469 384 471 143 315 115 207 276 328 150 261 498 71 175 461 177 167 
387 114 380 363 218 87 217 273 277 165 311 0 170 413 345 369 422 345 455 88 416 286 471 137 444 69 435 382 386 60 51 365 471 251 325 203 243 279 303 424 170 71 114 353 171 477 267 56 286 398 
245 429 388 428 58 63 129 438 500 500 491 170 0 448 207 396 240 400 79 118 211 130 320 257 55 252 266 122 481 306 460 318 206 67 270 349 429 156 149 430 325 311 250 498 385 167 93 440 392 361 
470 93 217 62 78 251 460 105 344 280 435 413 448 0 289 97 212 265 125 177 358 138 166 300 95 91 180 463 332 239 109 122 388 362 472 298 233 112 75 55 140 55 436 304 62 229 475 269 346 68 
473 130 428 456 452 445 200 136 332 127 352 345 207 289 0 303 335 355 424 303 187 411 369 98 500 362 198 204 454 152 63 424 394 202 335 463 171 453 235 64 154 410 121 396 152 368 225 236 430 287 
100 413 486 427 139 286 351 151 314 101 318 369 396 97 303 0 480 414 483 176 136 195 276 468 487 389 200 494 118 493 198 88 451 138 379 84 271 192 429 431 117 287 134 160 362 297 489 89 404 401 
308 252 482 144 179 438 96 123 137 389 161 422 240 212 335 480 0 467 52 401 50 348 214 378 64 266 236 153 404 71 212 271 365 304 327 400 172 395 74 439 273 126 227 316 168 277 405 316 324 192 
263 247 221 396 336 457 246 194 270 298 462 345 400 265 355 414 467 0 75 113 169 114 150 239 251 151 217 176 172 312 262 135 236 159 103 384 483 495 81 407 165 223 166 100 486 87 217 270 168 252 
336 58 352 273 311 425 117 199 292 245 146 455 79 125 424 483 52 75 0 101 473 91 338 460 83 332 159 381 479 317 219 300 251 356 236 222 91 164 320 160 421 357 215 413 472 56 339 142 398 177 
75 460 272 219 436 276 387 281 175 151 135 88 118 177 303 176 401 113 101 0 281 445 326 249 359 271 278 301 154 425 474 196 60 268 152 136 467 461 252 337 204 472 260 417 148 262 241 395 473 115 
224 470 99 419 115 260 204 397 390 186 399 416 211 358 187 136 50 169 473 281 0 251 188 209 214 404 285 327 276 435 78 316 258 151 422 440 86 226 349 139 349 151 82 157 189 187 118 127 300 472 
294 331 122 88 399 456 342 74 112 161 332 286 130 138 411 195 348 114 91 445 251 0 331 486 333 331 498 116 155 295 351 329 286 119 187 362 126 123 385 158 154 366 191 168 443 419 285 77 404 267 
441 360 168 54 253 462 54 372 190 492 372 471 320 166 369 276 214 150 338 326 188 331 0 121 407 464 494 468 485 285 164 497 264 162 480 320 92 292 294 277 472 296 348 417 111 205 405 194 489 290 
162 483 241 308 331 306 105 482 263 252 341 137 257 300 98 468 378 239 460 249 209 486 121 0 182 174 142 192 283 417 324 430 394 452 350 345 473 347 227 86 389 128 197 328 286 268 233 177 278 60 
285 468 286 141 62 318 486 343 430 469 290 444 55 95 500 487 64 251 83 359 214 333 407 182 0 289 85 100 432 400 135 359 351 378 434 347 115 392 393 427 270 57 337 201 208 189 260 295 142 240 
210 352 348 165 268 89 443 259 57 435 350 69 252 91 362 389 266 151 332 271 404 331 464 174 289 0 472 459 307 476 80 339 309 429 478 329 232 472 474 305 121 177 337 309 342 229 387 344 465 251 
497 483 453 85 146 341 452 204 395 323 422 435 266 180 198 200 236 217 159 278 285 498 494 142 85 472 0 189 458 199 430 217 110 89 405 125 252 110 398 354 106 292 163 275 208 193 417 107 261 234 
252 367 435 133 362 188 115 70 430 418 118 382 122 463 204 494 153 176 381 301 327 116 468 192 100 459 189 0 330 87 111 288 138 292 486 437 332 358 233 225 120 339 62 478 184 143 463 486 478 59 
301 101 224 272 59 297 413 142 365 100 208 386 481 332 454 118 404 172 479 154 276 155 485 283 432 307 458 330 0 283 437 156 415 349 302 490 415 92 499 234 189 131 205 156 424 251 308 330 417 348 
358 416 469 365 223 399 136 233 196 499 325 60 306 239 152 493 71 312 317 425 435 295 285 417 400 476 199 87 283 0 468 153 420 346 281 434 112 379 234 478 429 327 95 383 342 446 474 463 187 67 
156 367 347 279 91 211 452 441 297 184 343 51 460 109 63 198 212 262 219 474 78 351 164 324 135 80 430 111 437 468 0 462 100 118 140 280 230 58 240 317 303 210 395 404 220 431 394 194 402 360 
100 92 334 397 321 376 314 273 72 110 407 365 318 122 424 88 271 135 300 196 316 329 497 430 359 339 217 288 156 153 462 0 120 377 211 60 264 229 112 90 324 270 107 274 260 493 341 61 390 112 
206 402 296 309 223 378 122 202 156 389 315 471 206 388 394 451 365 236 251 60 258 286 264 394 351 309 110 138 415 420 100 120 0 154 358 233 467 221 321 410 478 138 256 448 485 350 84 479 90 455 
322 102 379 251 186 451 403 292 95 424 469 251 67 362 202 138 304 159 356 268 151 119 162 452 378 429 89 292 349 346 118 377 154 0 136 361 120 133 318 394 436 408 50 472 394 337 102 483 418 425 
203 127 497 360 236 288 405 159 256 362 384 325 270 472 335 379 327 103 236 152 422 187 480 350 434 478 405 486 302 281 140 211 358 136 0 191 111 319 299 462 382 440 465 463 206 402 373 288 258 334 
70 93 131 181 410 337 494 500 368 263 471 203 349 298 463 84 400 384 222 136 440 362 320 345 347 329 125 437 490 434 280 60 233 361 191 0 445 337 430 351 213 489 327 146 444 240 358 442 70 296 
349 197 391 348 272 154 319 181 209 323 143 243 429 233 171 271 172 483 91 467 86 126 92 473 115 232 252 332 415 112 230 264 467 120 111 445 0 57 174 118 331 467 393 266 375 457 229 182 424 442 
431 136 125 139 165 425 89 94 157 417 315 279 156 112 453 192 395 495 164 461 226 123 292 347 392 472 110 358 92 379 58 229 221 133 319 337 57 0 386 165 454 226 448 281 64 409 299 55 270 333 
114 381 371 481 402 150 136 221 309 278 115 303 149 75 235 429 74 81 320 252 349 385 294 227 393 474 398 233 499 234 240 112 321 318 299 430 174 386 0 477 329 369 326 216 318 476 343 310 140 436 
150 433 370 422 235 225 204 420 153 228 207 424 430 55 64 431 439 407 160 337 139 158 277 86 427 305 354 225 234 478 317 90 410 394 462 351 118 165 477 0 165 433 141 270 425 483 267 271 225 423 
429 99 183 108 480 189 122 166 334 479 276 170 325 140 154 117 273 165 421 204 349 154 472 389 270 121 106 120 189 429 303 324 478 436 382 213 331 454 329 165 0 383 402 132 454 234 444 483 332 56 
189 104 492 464 401 352 80 173 467 207 328 71 311 55 410 287 126 223 357 472 151 366 296 128 57 177 292 339 131 327 210 270 138 408 440 489 467 226 369 433 383 0 427 183 72 497 224 477 267 102 
196 455 400 201 120 186 484 293 249 455 150 114 250 436 121 134 227 166 215 260 82 191 348 197 337 337 163 62 205 95 395 107 256 50 465 327 393 448 326 141 402 427 0 329 96 215 485 484 461 320 
412 359 362 239 199 295 112 120 54 351 261 353 498 304 396 160 316 100 413 417 157 168 417 328 201 309 275 478 156 383 404 274 448 472 463 146 266 281 216 270 132 183 329 0 338 107 487 178 224 367 
129 437 224 447 459 481 359 375 344 233 498 171 385 62 152 362 168 486 472 148 189 443 111 286 208 342 208 184 424 342 220 260 485 394 206 444 375 64 318 425 454 72 96 338 0 432 405 452 113 120 
84 198 199 410 390 170 57 79 319 118 71 477 167 229 368 297 277 87 56 262 187 419 205 268 189 229 193 143 251 446 431 493 350 337 402 240 457 409 476 483 234 497 215 107 432 0 209 220 147 313 
82 354 209 326 117 421 220 486 332 194 175 267 93 475 225 489 405 217 339 241 118 285 405 233 260 387 417 463 308 474 394 341 84 102 373 358 229 299 343 267 444 224 485 487 405 209 0 218 334 474 
232 310 132 277 257 200 61 368 383 478 461 56 440 269 236 89 316 270 142 395 127 77 194 177 295 344 107 486 330 463 194 61 479 483 288 442 182 55 310 271 483 477 484 178 452 220 218 0 143 262 
267 196 66 162 481 300 62 364 94 356 177 286 392 346 430 404 324 168 398 473 300 404 489 278 142 465 261 478 417 187 402 390 90 418 258 70 424 270 140 225 332 267 461 224 113 147 334 143 0 64 
265 231 115 65 341 310 500 434 275 467 167 398 361 68 287 401 192 252 177 115 472 267 290 60 240 251 234 59 348 67 360 112 455 425 334 296 442 333 436 423 56 102 320 367 120 313 474 262 64 0 

1556.5 0 29
1556.5 1 40
1556.5 2 7
1556.5 3 24
1556.5 4 12
1556.5 5 13
1556.5 6 11
1556.5 7 36
1556.5 8 4
1556.5 9 40
1556.5 10 31
1556.5 11 24
1556.5 12 13
1556.5 13 40
1556.5 14 10
1556.5 15 44
1556.5 16 6
1556.5 17 47
1556.5 18 1
1556.5 19 15
1556.5 20 31
1556.5 21 40
1556.5 22 41
1556.5 23 19
1556.5 24 40
1556.5 25 21
1556.5 26 6
1556.5 27 10
1556.5 28 31
1556.5 29 34
1556.5 30 42
1556.5 31 11
1556.5 32 26
1556.5 33 5
1556.5 34 40
1556.5 35 43
1556.5 36 23
1556.5 37 3
1556.5 38 30
1556.5 39 32
1556.5 40 48
1556.5 41 17
1556.5 42 7
1556.5 43 12
1556.5 44 8
1556.5 45 18
1556.5 46 7
1556.5 47 19
1556.5 48 21
1556.5 49 14
